   0.0000000000000000      ,  0.99990000000000001      ,   1.0000000000000000E-004 ,   0.0000000000000000      ,   0.0000000000000000     
   1556.0270084418744      ,  0.99980000000000002      ,   2.0000000000000001E-004 ,   0.0000000000000000      ,   0.0000000000000000     
   2308.1897084509906      ,  0.99970000000000003      ,   3.0000000000000003E-004 ,   0.0000000000000000      ,   0.0000000000000000     
   2660.5989255397608      ,  0.99960000000000004      ,   4.0000000000000002E-004 ,   0.0000000000000000      ,   0.0000000000000000     
   2833.8142028136654      ,  0.99950000000000006      ,   5.0000000000000001E-004 ,   0.0000000000000000      ,   0.0000000000000000     
   3030.7140780141635      ,  0.99940000000000007      ,   6.0000000000000006E-004 ,   0.0000000000000000      ,   0.0000000000000000     
   3047.8773747039058      ,  0.99930000000000008      ,   7.0000000000000010E-004 ,   0.0000000000000000      ,   0.0000000000000000     
   3082.4845155780799      ,  0.99920000000000009      ,   7.0000000000000010E-004 ,   0.0000000000000000      ,   1.0000000000000000E-004
   3341.0700472360345      ,  0.99910000000000010      ,   8.0000000000000015E-004 ,   0.0000000000000000      ,   1.0000000000000000E-004
   3466.2145024194870      ,  0.99900000000000011      ,   8.0000000000000015E-004 ,   0.0000000000000000      ,   2.0000000000000001E-004
   3551.2141448836005      ,  0.99890000000000012      ,   9.0000000000000019E-004 ,   0.0000000000000000      ,   2.0000000000000001E-004
   3627.0871891974402      ,  0.99880000000000013      ,   1.0000000000000002E-003 ,   0.0000000000000000      ,   2.0000000000000001E-004
   3636.8732664931294      ,  0.99870000000000014      ,   1.1000000000000003E-003 ,   0.0000000000000000      ,   2.0000000000000001E-004
   3675.9553835799156      ,  0.99860000000000015      ,   1.2000000000000003E-003 ,   0.0000000000000000      ,   2.0000000000000001E-004
   3788.2987307105714      ,  0.99850000000000017      ,   1.3000000000000004E-003 ,   0.0000000000000000      ,   2.0000000000000001E-004
   3844.5792897832744      ,  0.99840000000000018      ,   1.4000000000000004E-003 ,   0.0000000000000000      ,   2.0000000000000001E-004
   3881.5728980782401      ,  0.99830000000000019      ,   1.5000000000000005E-003 ,   0.0000000000000000      ,   2.0000000000000001E-004
   4116.1200655011198      ,  0.99820000000000020      ,   1.6000000000000005E-003 ,   0.0000000000000000      ,   2.0000000000000001E-004
   4145.2976583765803      ,  0.99810000000000021      ,   1.7000000000000006E-003 ,   0.0000000000000000      ,   2.0000000000000001E-004
   4152.9804201221741      ,  0.99800000000000022      ,   1.8000000000000006E-003 ,   0.0000000000000000      ,   2.0000000000000001E-004
   4177.2357183468430      ,  0.99790000000000023      ,   1.8000000000000006E-003 ,   0.0000000000000000      ,   3.0000000000000003E-004
   4199.4072666515822      ,  0.99780000000000024      ,   1.9000000000000006E-003 ,   0.0000000000000000      ,   3.0000000000000003E-004
   4212.1261856169403      ,  0.99770000000000025      ,   2.0000000000000005E-003 ,   0.0000000000000000      ,   3.0000000000000003E-004
   4219.7539310114898      ,  0.99760000000000026      ,   2.1000000000000003E-003 ,   0.0000000000000000      ,   3.0000000000000003E-004
   4241.9138375478269      ,  0.99750000000000028      ,   2.2000000000000001E-003 ,   0.0000000000000000      ,   3.0000000000000003E-004
   4245.4107789999161      ,  0.99740000000000029      ,   2.3000000000000000E-003 ,   0.0000000000000000      ,   3.0000000000000003E-004
   4362.6599261498823      ,  0.99730000000000030      ,   2.3999999999999998E-003 ,   0.0000000000000000      ,   3.0000000000000003E-004
   4368.6629365806766      ,  0.99720000000000031      ,   2.4999999999999996E-003 ,   0.0000000000000000      ,   3.0000000000000003E-004
   4379.8101524203748      ,  0.99710000000000032      ,   2.5999999999999994E-003 ,   0.0000000000000000      ,   3.0000000000000003E-004
   4402.1222354022393      ,  0.99700000000000033      ,   2.6999999999999993E-003 ,   0.0000000000000000      ,   3.0000000000000003E-004
   4410.8192249443200      ,  0.99690000000000034      ,   2.7999999999999991E-003 ,   0.0000000000000000      ,   3.0000000000000003E-004
   4459.6704093536518      ,  0.99680000000000035      ,   2.8999999999999989E-003 ,   0.0000000000000000      ,   3.0000000000000003E-004
   4547.5839533509961      ,  0.99670000000000036      ,   2.9999999999999988E-003 ,   0.0000000000000000      ,   3.0000000000000003E-004
   4568.1863034805483      ,  0.99660000000000037      ,   3.0999999999999986E-003 ,   0.0000000000000000      ,   3.0000000000000003E-004
   4652.1506389851575      ,  0.99650000000000039      ,   3.0999999999999986E-003 ,   0.0000000000000000      ,   4.0000000000000002E-004
   4662.8259342251067      ,  0.99640000000000040      ,   3.1999999999999984E-003 ,   0.0000000000000000      ,   4.0000000000000002E-004
   4682.5698433385596      ,  0.99630000000000041      ,   3.2999999999999982E-003 ,   0.0000000000000000      ,   4.0000000000000002E-004
   4694.1056040723934      ,  0.99620000000000042      ,   3.3999999999999981E-003 ,   0.0000000000000000      ,   4.0000000000000002E-004
   4702.3718146612018      ,  0.99610000000000043      ,   3.4999999999999979E-003 ,   0.0000000000000000      ,   4.0000000000000002E-004
   4711.8160561613067      ,  0.99600000000000044      ,   3.5999999999999977E-003 ,   0.0000000000000000      ,   4.0000000000000002E-004
   4744.3550904913227      ,  0.99590000000000045      ,   3.6999999999999976E-003 ,   0.0000000000000000      ,   4.0000000000000002E-004
   4760.3503313522533      ,  0.99580000000000046      ,   3.7999999999999974E-003 ,   0.0000000000000000      ,   4.0000000000000002E-004
   4765.2822480614641      ,  0.99570000000000047      ,   3.8999999999999972E-003 ,   0.0000000000000000      ,   4.0000000000000002E-004
   4780.9402317022268      ,  0.99560000000000048      ,   3.9999999999999975E-003 ,   0.0000000000000000      ,   4.0000000000000002E-004
   4786.9985440706878      ,  0.99550000000000050      ,   4.0999999999999977E-003 ,   0.0000000000000000      ,   4.0000000000000002E-004
   4837.3269111046429      ,  0.99540000000000051      ,   4.1999999999999980E-003 ,   0.0000000000000000      ,   4.0000000000000002E-004
   4853.7727249070067      ,  0.99530000000000052      ,   4.2999999999999983E-003 ,   0.0000000000000000      ,   4.0000000000000002E-004
   4885.8597739847664      ,  0.99520000000000053      ,   4.3999999999999985E-003 ,   0.0000000000000000      ,   4.0000000000000002E-004
   4902.6021471071499      ,  0.99510000000000054      ,   4.3999999999999985E-003 ,   0.0000000000000000      ,   5.0000000000000001E-004
   4908.8115446278371      ,  0.99500000000000055      ,   4.3999999999999985E-003 ,   0.0000000000000000      ,   6.0000000000000006E-004
   4921.5359576927858      ,  0.99490000000000056      ,   4.4999999999999988E-003 ,   0.0000000000000000      ,   6.0000000000000006E-004
   4924.1015173872802      ,  0.99480000000000057      ,   4.5999999999999991E-003 ,   0.0000000000000000      ,   6.0000000000000006E-004
   4929.5418762253003      ,  0.99470000000000058      ,   4.6999999999999993E-003 ,   0.0000000000000000      ,   6.0000000000000006E-004
   4932.6028705053996      ,  0.99460000000000059      ,   4.7999999999999996E-003 ,   0.0000000000000000      ,   6.0000000000000006E-004
   5023.0197221673243      ,  0.99450000000000061      ,   4.7999999999999996E-003 ,   0.0000000000000000      ,   7.0000000000000010E-004
   5032.8143842785475      ,  0.99440000000000062      ,   4.8999999999999998E-003 ,   0.0000000000000000      ,   7.0000000000000010E-004
   5046.1769236744294      ,  0.99430000000000063      ,   5.0000000000000001E-003 ,   0.0000000000000000      ,   7.0000000000000010E-004
   5050.5353001634467      ,  0.99420000000000064      ,   5.1000000000000004E-003 ,   0.0000000000000000      ,   7.0000000000000010E-004
   5059.0117069877469      ,  0.99410000000000065      ,   5.2000000000000006E-003 ,   0.0000000000000000      ,   7.0000000000000010E-004
   5068.6327964385046      ,  0.99400000000000066      ,   5.2000000000000006E-003 ,   0.0000000000000000      ,   8.0000000000000015E-004
   5072.7726733498048      ,  0.99390000000000067      ,   5.3000000000000009E-003 ,   0.0000000000000000      ,   8.0000000000000015E-004
   5087.7802873045612      ,  0.99380000000000068      ,   5.4000000000000012E-003 ,   0.0000000000000000      ,   8.0000000000000015E-004
   5096.7469611716524      ,  0.99370000000000069      ,   5.5000000000000014E-003 ,   0.0000000000000000      ,   8.0000000000000015E-004
   5114.0345302596324      ,  0.99360000000000070      ,   5.5000000000000014E-003 ,   0.0000000000000000      ,   9.0000000000000019E-004
   5152.1712029137534      ,  0.99350000000000072      ,   5.6000000000000017E-003 ,   0.0000000000000000      ,   9.0000000000000019E-004
   5156.5917202352166      ,  0.99340000000000073      ,   5.7000000000000019E-003 ,   0.0000000000000000      ,   9.0000000000000019E-004
   5163.6528296989081      ,  0.99330000000000074      ,   5.8000000000000022E-003 ,   0.0000000000000000      ,   9.0000000000000019E-004
   5174.3529124954393      ,  0.99320000000000075      ,   5.9000000000000025E-003 ,   0.0000000000000000      ,   9.0000000000000019E-004
   5194.9299696731168      ,  0.99310000000000076      ,   6.0000000000000027E-003 ,   0.0000000000000000      ,   9.0000000000000019E-004
   5226.7659361271326      ,  0.99300000000000077      ,   6.1000000000000030E-003 ,   0.0000000000000000      ,   9.0000000000000019E-004
   5231.1167578378681      ,  0.99290000000000078      ,   6.1000000000000030E-003 ,   0.0000000000000000      ,   1.0000000000000002E-003
   5251.0830747545324      ,  0.99260000000000081      ,   6.4000000000000038E-003 ,   0.0000000000000000      ,   1.0000000000000002E-003
   5273.8838645067526      ,  0.99250000000000083      ,   6.5000000000000040E-003 ,   0.0000000000000000      ,   1.0000000000000002E-003
   5289.2806592647985      ,  0.99240000000000084      ,   6.6000000000000043E-003 ,   0.0000000000000000      ,   1.0000000000000002E-003
   5312.6259069475564      ,  0.99230000000000085      ,   6.7000000000000046E-003 ,   0.0000000000000000      ,   1.0000000000000002E-003
   5332.7107271356335      ,  0.99220000000000086      ,   6.7000000000000046E-003 ,   0.0000000000000000      ,   1.1000000000000003E-003
   5341.7593258203824      ,  0.99210000000000087      ,   6.8000000000000048E-003 ,   0.0000000000000000      ,   1.1000000000000003E-003
   5359.2407942110030      ,  0.99200000000000088      ,   6.9000000000000051E-003 ,   0.0000000000000000      ,   1.1000000000000003E-003
   5383.5473187039488      ,  0.99190000000000089      ,   7.0000000000000053E-003 ,   0.0000000000000000      ,   1.1000000000000003E-003
   5388.5987731238702      ,  0.99180000000000090      ,   7.1000000000000056E-003 ,   0.0000000000000000      ,   1.1000000000000003E-003
   5407.0366894351000      ,  0.99180000000000090      ,   7.0000000000000053E-003 ,   1.0000000000000000E-004 ,   1.1000000000000003E-003
   5435.8423910518486      ,  0.99170000000000091      ,   7.1000000000000056E-003 ,   1.0000000000000000E-004 ,   1.1000000000000003E-003
   5441.5477588329422      ,  0.99160000000000093      ,   7.2000000000000059E-003 ,   1.0000000000000000E-004 ,   1.1000000000000003E-003
   5453.4509056074912      ,  0.99150000000000094      ,   7.3000000000000061E-003 ,   1.0000000000000000E-004 ,   1.1000000000000003E-003
   5458.7994268077227      ,  0.99140000000000095      ,   7.4000000000000064E-003 ,   1.0000000000000000E-004 ,   1.1000000000000003E-003
   5460.2995032333874      ,  0.99130000000000096      ,   7.5000000000000067E-003 ,   1.0000000000000000E-004 ,   1.1000000000000003E-003
   5470.2966403912142      ,  0.99120000000000097      ,   7.5000000000000067E-003 ,   1.0000000000000000E-004 ,   1.2000000000000003E-003
   5474.4565239131371      ,  0.99100000000000099      ,   7.7000000000000072E-003 ,   1.0000000000000000E-004 ,   1.2000000000000003E-003
   5493.1843648860186      ,  0.99090000000000100      ,   7.8000000000000074E-003 ,   1.0000000000000000E-004 ,   1.2000000000000003E-003
   5498.9064737115314      ,  0.99080000000000101      ,   7.8000000000000074E-003 ,   1.0000000000000000E-004 ,   1.3000000000000004E-003
   5500.8643204946729      ,  0.99070000000000102      ,   7.8000000000000074E-003 ,   2.0000000000000001E-004 ,   1.3000000000000004E-003
   5502.0303905130413      ,  0.99060000000000104      ,   7.9000000000000077E-003 ,   2.0000000000000001E-004 ,   1.3000000000000004E-003
   5507.6501250986294      ,  0.99050000000000105      ,   8.0000000000000071E-003 ,   2.0000000000000001E-004 ,   1.3000000000000004E-003
   5522.5883743573295      ,  0.99040000000000106      ,   8.1000000000000065E-003 ,   2.0000000000000001E-004 ,   1.3000000000000004E-003
   5529.2103095651419      ,  0.99030000000000107      ,   8.2000000000000059E-003 ,   2.0000000000000001E-004 ,   1.3000000000000004E-003
   5570.5605400437626      ,  0.99020000000000108      ,   8.2000000000000059E-003 ,   2.0000000000000001E-004 ,   1.4000000000000004E-003
   5572.3338138177742      ,  0.99010000000000109      ,   8.3000000000000053E-003 ,   2.0000000000000001E-004 ,   1.4000000000000004E-003
   5603.9183888861489      ,  0.99000000000000110      ,   8.4000000000000047E-003 ,   2.0000000000000001E-004 ,   1.4000000000000004E-003
   5606.1772320250020      ,  0.98990000000000111      ,   8.5000000000000041E-003 ,   2.0000000000000001E-004 ,   1.4000000000000004E-003
   5614.9231651370083      ,  0.98980000000000112      ,   8.5000000000000041E-003 ,   2.0000000000000001E-004 ,   1.5000000000000005E-003
   5619.9286371064527      ,  0.98970000000000113      ,   8.6000000000000035E-003 ,   2.0000000000000001E-004 ,   1.5000000000000005E-003
   5632.9190270220870      ,  0.98960000000000115      ,   8.7000000000000029E-003 ,   2.0000000000000001E-004 ,   1.5000000000000005E-003
   5634.2443697699227      ,  0.98950000000000116      ,   8.8000000000000023E-003 ,   2.0000000000000001E-004 ,   1.5000000000000005E-003
   5637.3263663027792      ,  0.98940000000000117      ,   8.8000000000000023E-003 ,   2.0000000000000001E-004 ,   1.6000000000000005E-003
   5648.4682481541904      ,  0.98930000000000118      ,   8.8000000000000023E-003 ,   2.0000000000000001E-004 ,   1.7000000000000006E-003
   5655.3422610203479      ,  0.98920000000000119      ,   8.9000000000000017E-003 ,   2.0000000000000001E-004 ,   1.7000000000000006E-003
   5668.8806716488089      ,  0.98910000000000120      ,   9.0000000000000011E-003 ,   2.0000000000000001E-004 ,   1.7000000000000006E-003
   5690.5766476121225      ,  0.98900000000000121      ,   9.1000000000000004E-003 ,   2.0000000000000001E-004 ,   1.7000000000000006E-003
   5698.3320644544101      ,  0.98890000000000122      ,   9.1999999999999998E-003 ,   2.0000000000000001E-004 ,   1.7000000000000006E-003
   5702.2281029318947      ,  0.98880000000000123      ,   9.2999999999999992E-003 ,   2.0000000000000001E-004 ,   1.7000000000000006E-003
   5709.0221410101349      ,  0.98870000000000124      ,   9.3999999999999986E-003 ,   2.0000000000000001E-004 ,   1.7000000000000006E-003
   5726.2866827017269      ,  0.98860000000000126      ,   9.4999999999999980E-003 ,   2.0000000000000001E-004 ,   1.7000000000000006E-003
   5739.9026514655288      ,  0.98850000000000127      ,   9.5999999999999974E-003 ,   2.0000000000000001E-004 ,   1.7000000000000006E-003
   5767.4671966980823      ,  0.98840000000000128      ,   9.6999999999999968E-003 ,   2.0000000000000001E-004 ,   1.7000000000000006E-003
   5786.2230068684676      ,  0.98830000000000129      ,   9.7999999999999962E-003 ,   2.0000000000000001E-004 ,   1.7000000000000006E-003
   5791.4837600665614      ,  0.98820000000000130      ,   9.7999999999999962E-003 ,   2.0000000000000001E-004 ,   1.8000000000000006E-003
   5794.1652419018346      ,  0.98810000000000131      ,   9.8999999999999956E-003 ,   2.0000000000000001E-004 ,   1.8000000000000006E-003
   5829.4991470463819      ,  0.98800000000000132      ,   9.9999999999999950E-003 ,   2.0000000000000001E-004 ,   1.8000000000000006E-003
   5837.6663243902603      ,  0.98790000000000133      ,   9.9999999999999950E-003 ,   2.0000000000000001E-004 ,   1.9000000000000006E-003
   5875.6859763226994      ,  0.98780000000000134      ,   9.9999999999999950E-003 ,   2.0000000000000001E-004 ,   2.0000000000000005E-003
   5887.1348974494713      ,  0.98780000000000134      ,   9.8999999999999956E-003 ,   3.0000000000000003E-004 ,   2.0000000000000005E-003
   5893.4105837260367      ,  0.98770000000000135      ,   9.8999999999999956E-003 ,   3.0000000000000003E-004 ,   2.1000000000000003E-003
   5904.3326139649334      ,  0.98760000000000137      ,   9.9999999999999950E-003 ,   3.0000000000000003E-004 ,   2.1000000000000003E-003
   5912.2612544122821      ,  0.98740000000000139      ,   1.0099999999999994E-002 ,   3.0000000000000003E-004 ,   2.2000000000000001E-003
   5925.2370048301309      ,  0.98740000000000139      ,   1.0199999999999994E-002 ,   2.0000000000000004E-004 ,   2.2000000000000001E-003
   5935.6880266789440      ,  0.98720000000000141      ,   1.0399999999999993E-002 ,   2.0000000000000004E-004 ,   2.2000000000000001E-003
   5951.0266540782604      ,  0.98710000000000142      ,   1.0499999999999992E-002 ,   2.0000000000000004E-004 ,   2.2000000000000001E-003
   5958.8901972896929      ,  0.98700000000000143      ,   1.0599999999999991E-002 ,   2.0000000000000004E-004 ,   2.2000000000000001E-003
   5966.7621388797597      ,  0.98690000000000144      ,   1.0699999999999991E-002 ,   2.0000000000000004E-004 ,   2.2000000000000001E-003
   5970.2877510829485      ,  0.98680000000000145      ,   1.0699999999999991E-002 ,   2.0000000000000004E-004 ,   2.3000000000000000E-003
   5978.5536371164180      ,  0.98670000000000146      ,   1.0699999999999991E-002 ,   2.0000000000000004E-004 ,   2.3999999999999998E-003
   5984.7010974569157      ,  0.98660000000000148      ,   1.0799999999999990E-002 ,   2.0000000000000004E-004 ,   2.3999999999999998E-003
   5990.1385308411564      ,  0.98650000000000149      ,   1.0899999999999990E-002 ,   2.0000000000000004E-004 ,   2.3999999999999998E-003
   6003.7597161210888      ,  0.98630000000000151      ,   1.1099999999999988E-002 ,   2.0000000000000004E-004 ,   2.3999999999999998E-003
   6016.2836578917513      ,  0.98620000000000152      ,   1.1199999999999988E-002 ,   2.0000000000000004E-004 ,   2.3999999999999998E-003
   6031.3522480312331      ,  0.98610000000000153      ,   1.1199999999999988E-002 ,   2.0000000000000004E-004 ,   2.4999999999999996E-003
   6032.9902157349115      ,  0.98600000000000154      ,   1.1299999999999987E-002 ,   2.0000000000000004E-004 ,   2.4999999999999996E-003
   6034.4241506305461      ,  0.98590000000000155      ,   1.1399999999999987E-002 ,   2.0000000000000004E-004 ,   2.4999999999999996E-003
   6043.4904501652472      ,  0.98590000000000155      ,   1.1299999999999987E-002 ,   3.0000000000000003E-004 ,   2.4999999999999996E-003
   6059.2117758416171      ,  0.98580000000000156      ,   1.1399999999999987E-002 ,   3.0000000000000003E-004 ,   2.4999999999999996E-003
   6065.4269645603399      ,  0.98570000000000157      ,   1.1499999999999986E-002 ,   3.0000000000000003E-004 ,   2.4999999999999996E-003
   6074.2062734365254      ,  0.98560000000000159      ,   1.1499999999999986E-002 ,   3.0000000000000003E-004 ,   2.5999999999999994E-003
   6076.5086960154458      ,  0.98550000000000160      ,   1.1599999999999985E-002 ,   3.0000000000000003E-004 ,   2.5999999999999994E-003
   6087.0415887694253      ,  0.98540000000000161      ,   1.1699999999999985E-002 ,   3.0000000000000003E-004 ,   2.5999999999999994E-003
   6122.5437718401763      ,  0.98530000000000162      ,   1.1799999999999984E-002 ,   3.0000000000000003E-004 ,   2.5999999999999994E-003
   6165.7749014036945      ,  0.98530000000000162      ,   1.1699999999999985E-002 ,   4.0000000000000002E-004 ,   2.5999999999999994E-003
   6168.3920121584179      ,  0.98530000000000162      ,   1.1599999999999985E-002 ,   5.0000000000000001E-004 ,   2.5999999999999994E-003
   6173.0551507271239      ,  0.98520000000000163      ,   1.1599999999999985E-002 ,   5.0000000000000001E-004 ,   2.6999999999999993E-003
   6178.3294894039582      ,  0.98500000000000165      ,   1.1799999999999984E-002 ,   5.0000000000000001E-004 ,   2.6999999999999993E-003
   6182.4505467974359      ,  0.98490000000000166      ,   1.1899999999999984E-002 ,   5.0000000000000001E-004 ,   2.6999999999999993E-003
   6184.3087456799321      ,  0.98480000000000167      ,   1.1899999999999984E-002 ,   5.0000000000000001E-004 ,   2.7999999999999991E-003
   6189.8685109613762      ,  0.98470000000000169      ,   1.1999999999999983E-002 ,   5.0000000000000001E-004 ,   2.7999999999999991E-003
   6195.6898055068787      ,  0.98460000000000170      ,   1.2099999999999982E-002 ,   5.0000000000000001E-004 ,   2.7999999999999991E-003
   6216.9110459006033      ,  0.98450000000000171      ,   1.2199999999999982E-002 ,   5.0000000000000001E-004 ,   2.7999999999999991E-003
   6239.2946058224643      ,  0.98440000000000172      ,   1.2199999999999982E-002 ,   5.0000000000000001E-004 ,   2.8999999999999989E-003
   6242.5541007874599      ,  0.98430000000000173      ,   1.2299999999999981E-002 ,   5.0000000000000001E-004 ,   2.8999999999999989E-003
   6245.8146188828641      ,  0.98430000000000173      ,   1.2199999999999982E-002 ,   5.0000000000000001E-004 ,   2.9999999999999988E-003
   6249.5008430102271      ,  0.98420000000000174      ,   1.2299999999999981E-002 ,   5.0000000000000001E-004 ,   2.9999999999999988E-003
   6260.0142895404470      ,  0.98410000000000175      ,   1.2299999999999981E-002 ,   5.0000000000000001E-004 ,   3.0999999999999986E-003
   6263.3544335580082      ,  0.98400000000000176      ,   1.2399999999999980E-002 ,   5.0000000000000001E-004 ,   3.0999999999999986E-003
   6287.8406724215783      ,  0.98390000000000177      ,   1.2499999999999980E-002 ,   5.0000000000000001E-004 ,   3.0999999999999986E-003
   6291.2083196578797      ,  0.98380000000000178      ,   1.2599999999999979E-002 ,   5.0000000000000001E-004 ,   3.0999999999999986E-003
   6294.4105734271034      ,  0.98370000000000180      ,   1.2699999999999979E-002 ,   5.0000000000000001E-004 ,   3.0999999999999986E-003
   6307.0278752607828      ,  0.98360000000000181      ,   1.2799999999999978E-002 ,   5.0000000000000001E-004 ,   3.0999999999999986E-003
   6309.5669335978328      ,  0.98350000000000182      ,   1.2799999999999978E-002 ,   5.0000000000000001E-004 ,   3.1999999999999984E-003
   6313.5369229212247      ,  0.98340000000000183      ,   1.2899999999999977E-002 ,   5.0000000000000001E-004 ,   3.1999999999999984E-003
   6317.7823690253508      ,  0.98330000000000184      ,   1.2999999999999977E-002 ,   5.0000000000000001E-004 ,   3.1999999999999984E-003
   6320.8784707651294      ,  0.98320000000000185      ,   1.3099999999999976E-002 ,   5.0000000000000001E-004 ,   3.1999999999999984E-003
   6325.8529448621712      ,  0.98310000000000186      ,   1.3099999999999976E-002 ,   5.0000000000000001E-004 ,   3.2999999999999982E-003
   6335.5981197599140      ,  0.98290000000000188      ,   1.3299999999999975E-002 ,   5.0000000000000001E-004 ,   3.2999999999999982E-003
   6339.5401061384055      ,  0.98290000000000188      ,   1.3199999999999976E-002 ,   6.0000000000000006E-004 ,   3.2999999999999982E-003
   6342.4376744039955      ,  0.98280000000000189      ,   1.3299999999999975E-002 ,   6.0000000000000006E-004 ,   3.2999999999999982E-003
   6345.4301223921057      ,  0.98260000000000192      ,   1.3499999999999974E-002 ,   6.0000000000000006E-004 ,   3.2999999999999982E-003
   6362.1521100863702      ,  0.98250000000000193      ,   1.3599999999999973E-002 ,   6.0000000000000006E-004 ,   3.2999999999999982E-003
   6366.9629130723424      ,  0.98240000000000194      ,   1.3699999999999973E-002 ,   6.0000000000000006E-004 ,   3.2999999999999982E-003
   6368.7090057290497      ,  0.98230000000000195      ,   1.3799999999999972E-002 ,   6.0000000000000006E-004 ,   3.2999999999999982E-003
   6372.9684703694356      ,  0.98220000000000196      ,   1.3899999999999971E-002 ,   6.0000000000000006E-004 ,   3.2999999999999982E-003
   6377.6980962017733      ,  0.98210000000000197      ,   1.3999999999999971E-002 ,   6.0000000000000006E-004 ,   3.2999999999999982E-003
   6379.2348880429663      ,  0.98200000000000198      ,   1.4099999999999970E-002 ,   6.0000000000000006E-004 ,   3.2999999999999982E-003
   6385.8620515777420      ,  0.98180000000000200      ,   1.4199999999999970E-002 ,   6.0000000000000006E-004 ,   3.3999999999999981E-003
   6401.8420482331085      ,  0.98170000000000202      ,   1.4299999999999969E-002 ,   6.0000000000000006E-004 ,   3.3999999999999981E-003
   6404.0118824191222      ,  0.98160000000000203      ,   1.4399999999999968E-002 ,   6.0000000000000006E-004 ,   3.3999999999999981E-003
   6415.6817015581792      ,  0.98150000000000204      ,   1.4499999999999968E-002 ,   6.0000000000000006E-004 ,   3.3999999999999981E-003
   6424.8273295203589      ,  0.98140000000000205      ,   1.4599999999999967E-002 ,   6.0000000000000006E-004 ,   3.3999999999999981E-003
   6432.8581653395840      ,  0.98130000000000206      ,   1.4699999999999967E-002 ,   6.0000000000000006E-004 ,   3.3999999999999981E-003
   6434.0280230380022      ,  0.98120000000000207      ,   1.4799999999999966E-002 ,   6.0000000000000006E-004 ,   3.3999999999999981E-003
   6461.3957364035068      ,  0.98100000000000209      ,   1.4899999999999965E-002 ,   6.0000000000000006E-004 ,   3.4999999999999979E-003
   6466.6442904517307      ,  0.98090000000000210      ,   1.4999999999999965E-002 ,   6.0000000000000006E-004 ,   3.4999999999999979E-003
   6470.2795295310898      ,  0.98080000000000211      ,   1.5099999999999964E-002 ,   6.0000000000000006E-004 ,   3.4999999999999979E-003
   6472.6896032864197      ,  0.98070000000000213      ,   1.5199999999999964E-002 ,   6.0000000000000006E-004 ,   3.4999999999999979E-003
   6478.0109894657044      ,  0.98070000000000213      ,   1.5099999999999964E-002 ,   7.0000000000000010E-004 ,   3.4999999999999979E-003
   6480.9623800447271      ,  0.98060000000000214      ,   1.5199999999999964E-002 ,   7.0000000000000010E-004 ,   3.4999999999999979E-003
   6484.8355303311328      ,  0.98050000000000215      ,   1.5199999999999964E-002 ,   7.0000000000000010E-004 ,   3.5999999999999977E-003
   6498.5787890171032      ,  0.98040000000000216      ,   1.5299999999999963E-002 ,   7.0000000000000010E-004 ,   3.5999999999999977E-003
   6519.5779653542922      ,  0.98030000000000217      ,   1.5399999999999962E-002 ,   7.0000000000000010E-004 ,   3.5999999999999977E-003
   6521.9352495997409      ,  0.98020000000000218      ,   1.5499999999999962E-002 ,   7.0000000000000010E-004 ,   3.5999999999999977E-003
   6527.5650740227520      ,  0.98010000000000219      ,   1.5499999999999962E-002 ,   7.0000000000000010E-004 ,   3.6999999999999976E-003
   6529.4934681222203      ,  0.98000000000000220      ,   1.5599999999999961E-002 ,   7.0000000000000010E-004 ,   3.6999999999999976E-003
   6541.8007788580489      ,  0.97990000000000221      ,   1.5699999999999961E-002 ,   7.0000000000000010E-004 ,   3.6999999999999976E-003
   6548.2328882681240      ,  0.97980000000000222      ,   1.5799999999999960E-002 ,   7.0000000000000010E-004 ,   3.6999999999999976E-003
   6549.6614816767278      ,  0.97960000000000225      ,   1.5899999999999959E-002 ,   7.0000000000000010E-004 ,   3.7999999999999974E-003
   6559.0438500969731      ,  0.97950000000000226      ,   1.5999999999999959E-002 ,   7.0000000000000010E-004 ,   3.7999999999999974E-003
   6569.6063045113806      ,  0.97940000000000227      ,   1.5999999999999959E-002 ,   7.0000000000000010E-004 ,   3.8999999999999972E-003
   6575.0603232483172      ,  0.97930000000000228      ,   1.6099999999999958E-002 ,   7.0000000000000010E-004 ,   3.8999999999999972E-003
   6579.2530999275850      ,  0.97930000000000228      ,   1.5999999999999959E-002 ,   7.0000000000000010E-004 ,   3.9999999999999975E-003
   6581.2049554144951      ,  0.97920000000000229      ,   1.6099999999999958E-002 ,   7.0000000000000010E-004 ,   3.9999999999999975E-003
   6585.3616606108635      ,  0.97900000000000231      ,   1.6199999999999957E-002 ,   7.0000000000000010E-004 ,   4.0999999999999977E-003
   6587.8877492033889      ,  0.97890000000000232      ,   1.6299999999999957E-002 ,   7.0000000000000010E-004 ,   4.0999999999999977E-003
   6590.2317575419520      ,  0.97880000000000233      ,   1.6299999999999957E-002 ,   7.0000000000000010E-004 ,   4.1999999999999980E-003
   6593.8767712805975      ,  0.97870000000000235      ,   1.6299999999999957E-002 ,   7.0000000000000010E-004 ,   4.2999999999999983E-003
   6598.8202054902031      ,  0.97850000000000237      ,   1.6399999999999956E-002 ,   7.0000000000000010E-004 ,   4.3999999999999985E-003
   6604.7899318177051      ,  0.97840000000000238      ,   1.6499999999999956E-002 ,   7.0000000000000010E-004 ,   4.3999999999999985E-003
   6617.6235146634099      ,  0.97820000000000240      ,   1.6499999999999956E-002 ,   7.0000000000000010E-004 ,   4.5999999999999991E-003
   6639.5102938184727      ,  0.97810000000000241      ,   1.6599999999999955E-002 ,   7.0000000000000010E-004 ,   4.5999999999999991E-003
   6641.2423486997086      ,  0.97800000000000242      ,   1.6699999999999954E-002 ,   7.0000000000000010E-004 ,   4.5999999999999991E-003
   6648.2377749808911      ,  0.97790000000000243      ,   1.6799999999999954E-002 ,   7.0000000000000010E-004 ,   4.5999999999999991E-003
   6651.9313478119420      ,  0.97780000000000244      ,   1.6799999999999954E-002 ,   7.0000000000000010E-004 ,   4.6999999999999993E-003
   6652.9713475793469      ,  0.97770000000000246      ,   1.6899999999999953E-002 ,   7.0000000000000010E-004 ,   4.6999999999999993E-003
   6657.9596800024929      ,  0.97760000000000247      ,   1.6899999999999953E-002 ,   7.0000000000000010E-004 ,   4.7999999999999996E-003
   6674.6443000591389      ,  0.97750000000000248      ,   1.6999999999999953E-002 ,   7.0000000000000010E-004 ,   4.7999999999999996E-003
   6675.8335132824959      ,  0.97740000000000249      ,   1.7099999999999952E-002 ,   7.0000000000000010E-004 ,   4.7999999999999996E-003
   6677.0015731318699      ,  0.97730000000000250      ,   1.7199999999999951E-002 ,   7.0000000000000010E-004 ,   4.7999999999999996E-003
   6678.3131374188288      ,  0.97720000000000251      ,   1.7299999999999951E-002 ,   7.0000000000000010E-004 ,   4.7999999999999996E-003
   6679.6343198809600      ,  0.97710000000000252      ,   1.7199999999999951E-002 ,   8.0000000000000015E-004 ,   4.8999999999999998E-003
   6682.6197587432989      ,  0.97700000000000253      ,   1.7199999999999951E-002 ,   8.0000000000000015E-004 ,   5.0000000000000001E-003
   6684.6913232618372      ,  0.97690000000000254      ,   1.7299999999999951E-002 ,   8.0000000000000015E-004 ,   5.0000000000000001E-003
   6691.7392516802374      ,  0.97680000000000256      ,   1.7399999999999950E-002 ,   8.0000000000000015E-004 ,   5.0000000000000001E-003
   6706.8692363799155      ,  0.97670000000000257      ,   1.7399999999999950E-002 ,   8.0000000000000015E-004 ,   5.1000000000000004E-003
   6715.8063454761959      ,  0.97650000000000259      ,   1.7599999999999949E-002 ,   8.0000000000000015E-004 ,   5.1000000000000004E-003
   6718.6162095486998      ,  0.97640000000000260      ,   1.7699999999999948E-002 ,   8.0000000000000015E-004 ,   5.1000000000000004E-003
   6724.0749831916009      ,  0.97630000000000261      ,   1.7799999999999948E-002 ,   8.0000000000000015E-004 ,   5.1000000000000004E-003
   6725.4214169545048      ,  0.97620000000000262      ,   1.7899999999999947E-002 ,   8.0000000000000015E-004 ,   5.1000000000000004E-003
   6728.0620279270088      ,  0.97610000000000263      ,   1.7999999999999947E-002 ,   8.0000000000000015E-004 ,   5.1000000000000004E-003
   6730.0041029229933      ,  0.97590000000000265      ,   1.8199999999999945E-002 ,   8.0000000000000015E-004 ,   5.1000000000000004E-003
   6733.9009257676553      ,  0.97580000000000267      ,   1.8199999999999945E-002 ,   8.0000000000000015E-004 ,   5.2000000000000006E-003
   6735.2217005773900      ,  0.97570000000000268      ,   1.8199999999999945E-002 ,   8.0000000000000015E-004 ,   5.3000000000000009E-003
   6746.4841391326672      ,  0.97550000000000270      ,   1.8399999999999944E-002 ,   8.0000000000000015E-004 ,   5.3000000000000009E-003
   6749.9927170240580      ,  0.97540000000000271      ,   1.8499999999999944E-002 ,   8.0000000000000015E-004 ,   5.3000000000000009E-003
   6755.9018559669566      ,  0.97510000000000274      ,   1.8699999999999942E-002 ,   9.0000000000000019E-004 ,   5.3000000000000009E-003
   6758.1783158013977      ,  0.97500000000000275      ,   1.8699999999999942E-002 ,   9.0000000000000019E-004 ,   5.4000000000000012E-003
   6764.9811630469194      ,  0.97490000000000276      ,   1.8799999999999942E-002 ,   9.0000000000000019E-004 ,   5.4000000000000012E-003
   6778.2667032867539      ,  0.97480000000000278      ,   1.8899999999999941E-002 ,   9.0000000000000019E-004 ,   5.4000000000000012E-003
   6779.3821753977763      ,  0.97470000000000279      ,   1.8999999999999941E-002 ,   9.0000000000000019E-004 ,   5.4000000000000012E-003
   6787.0564774510822      ,  0.97450000000000281      ,   1.9199999999999939E-002 ,   9.0000000000000019E-004 ,   5.4000000000000012E-003
   6792.5679579636244      ,  0.97440000000000282      ,   1.9299999999999939E-002 ,   9.0000000000000019E-004 ,   5.4000000000000012E-003
   6797.1407014726929      ,  0.97430000000000283      ,   1.9399999999999938E-002 ,   9.0000000000000019E-004 ,   5.4000000000000012E-003
   6801.4994249034989      ,  0.97410000000000285      ,   1.9599999999999937E-002 ,   9.0000000000000019E-004 ,   5.4000000000000012E-003
   6803.1496465752998      ,  0.97400000000000286      ,   1.9699999999999936E-002 ,   9.0000000000000019E-004 ,   5.4000000000000012E-003
   6806.4855796153897      ,  0.97390000000000287      ,   1.9799999999999936E-002 ,   9.0000000000000019E-004 ,   5.4000000000000012E-003
   6813.3883087468448      ,  0.97380000000000289      ,   1.9799999999999936E-002 ,   9.0000000000000019E-004 ,   5.5000000000000014E-003
   6814.6806723810178      ,  0.97370000000000290      ,   1.9899999999999935E-002 ,   9.0000000000000019E-004 ,   5.5000000000000014E-003
   6821.3027798342700      ,  0.97360000000000291      ,   1.9999999999999934E-002 ,   9.0000000000000019E-004 ,   5.5000000000000014E-003
   6825.9075225363940      ,  0.97350000000000292      ,   2.0099999999999934E-002 ,   9.0000000000000019E-004 ,   5.5000000000000014E-003
   6828.9606027650034      ,  0.97340000000000293      ,   2.0199999999999933E-002 ,   9.0000000000000019E-004 ,   5.5000000000000014E-003
   6835.7361998125498      ,  0.97330000000000294      ,   2.0299999999999933E-002 ,   9.0000000000000019E-004 ,   5.5000000000000014E-003
   6839.6590196917959      ,  0.97320000000000295      ,   2.0399999999999932E-002 ,   9.0000000000000019E-004 ,   5.5000000000000014E-003
   6841.4134339399689      ,  0.97310000000000296      ,   2.0499999999999931E-002 ,   9.0000000000000019E-004 ,   5.5000000000000014E-003
   6851.0695269798771      ,  0.97290000000000298      ,   2.0599999999999931E-002 ,   9.0000000000000019E-004 ,   5.6000000000000017E-003
   6853.3868006941084      ,  0.97290000000000298      ,   2.0499999999999931E-002 ,   1.0000000000000002E-003 ,   5.6000000000000017E-003
   6855.3811770845041      ,  0.97280000000000300      ,   2.0599999999999931E-002 ,   1.0000000000000002E-003 ,   5.6000000000000017E-003
   6871.0459203257815      ,  0.97270000000000301      ,   2.0699999999999930E-002 ,   1.0000000000000002E-003 ,   5.6000000000000017E-003
   6873.4077348270575      ,  0.97260000000000302      ,   2.0799999999999930E-002 ,   1.0000000000000002E-003 ,   5.6000000000000017E-003
   6882.7420319643834      ,  0.97240000000000304      ,   2.0799999999999930E-002 ,   1.1000000000000003E-003 ,   5.7000000000000019E-003
   6892.2212229203406      ,  0.97210000000000307      ,   2.0899999999999929E-002 ,   1.2000000000000003E-003 ,   5.8000000000000022E-003
   6895.1555215275012      ,  0.97200000000000308      ,   2.0999999999999928E-002 ,   1.2000000000000003E-003 ,   5.8000000000000022E-003
   6897.8131490087299      ,  0.97190000000000309      ,   2.0999999999999928E-002 ,   1.2000000000000003E-003 ,   5.9000000000000025E-003
   6900.2388803507201      ,  0.97180000000000311      ,   2.1099999999999928E-002 ,   1.2000000000000003E-003 ,   5.9000000000000025E-003
   6902.4509464234134      ,  0.97170000000000312      ,   2.1199999999999927E-002 ,   1.2000000000000003E-003 ,   5.9000000000000025E-003
   6907.4541804763840      ,  0.97160000000000313      ,   2.1199999999999927E-002 ,   1.2000000000000003E-003 ,   6.0000000000000027E-003
   6927.2594448159225      ,  0.97150000000000314      ,   2.1199999999999927E-002 ,   1.2000000000000003E-003 ,   6.1000000000000030E-003
   6929.9528470478372      ,  0.97140000000000315      ,   2.1299999999999927E-002 ,   1.2000000000000003E-003 ,   6.1000000000000030E-003
   6932.5478654519975      ,  0.97130000000000316      ,   2.1399999999999926E-002 ,   1.2000000000000003E-003 ,   6.1000000000000030E-003
   6938.2500740958294      ,  0.97120000000000317      ,   2.1499999999999925E-002 ,   1.2000000000000003E-003 ,   6.1000000000000030E-003
   6939.7548154606002      ,  0.97110000000000318      ,   2.1599999999999925E-002 ,   1.2000000000000003E-003 ,   6.1000000000000030E-003
   6943.0447108443132      ,  0.97100000000000319      ,   2.1699999999999924E-002 ,   1.2000000000000003E-003 ,   6.1000000000000030E-003
   6948.3914082263673      ,  0.97090000000000320      ,   2.1799999999999924E-002 ,   1.2000000000000003E-003 ,   6.1000000000000030E-003
   6951.2740871924798      ,  0.97080000000000322      ,   2.1899999999999923E-002 ,   1.2000000000000003E-003 ,   6.1000000000000030E-003
   6952.8425973130024      ,  0.97060000000000324      ,   2.2099999999999922E-002 ,   1.2000000000000003E-003 ,   6.1000000000000030E-003
   6956.3301338120764      ,  0.97050000000000325      ,   2.2199999999999921E-002 ,   1.2000000000000003E-003 ,   6.1000000000000030E-003
   6958.9849094224446      ,  0.97050000000000325      ,   2.2099999999999922E-002 ,   1.3000000000000004E-003 ,   6.1000000000000030E-003
   6962.0822751236828      ,  0.97040000000000326      ,   2.2199999999999921E-002 ,   1.3000000000000004E-003 ,   6.1000000000000030E-003
   6963.4706331946436      ,  0.97030000000000327      ,   2.2299999999999921E-002 ,   1.3000000000000004E-003 ,   6.1000000000000030E-003
   6972.7129023386979      ,  0.97020000000000328      ,   2.2399999999999920E-002 ,   1.3000000000000004E-003 ,   6.1000000000000030E-003
   6975.3528143145122      ,  0.97010000000000329      ,   2.2499999999999919E-002 ,   1.3000000000000004E-003 ,   6.1000000000000030E-003
   6978.5387639922019      ,  0.97000000000000330      ,   2.2599999999999919E-002 ,   1.3000000000000004E-003 ,   6.1000000000000030E-003
   6989.7020464999950      ,  0.96990000000000332      ,   2.2699999999999918E-002 ,   1.3000000000000004E-003 ,   6.1000000000000030E-003
   6994.4637405752046      ,  0.96980000000000333      ,   2.2799999999999918E-002 ,   1.3000000000000004E-003 ,   6.1000000000000030E-003
