   0.0000000000000000      ,  0.99900000000000000      ,   1.0000000000000000E-003 ,   0.0000000000000000      ,   0.0000000000000000     
   155.69524280730636      ,  0.99800000000000000      ,   2.0000000000000000E-003 ,   0.0000000000000000      ,   0.0000000000000000     
   231.00103906950756      ,  0.99700000000000000      ,   3.0000000000000001E-003 ,   0.0000000000000000      ,   0.0000000000000000     
   266.30492073871147      ,  0.99600000000000000      ,   4.0000000000000001E-003 ,   0.0000000000000000      ,   0.0000000000000000     
   283.66773701119558      ,  0.99500000000000000      ,   5.0000000000000001E-003 ,   0.0000000000000000      ,   0.0000000000000000     
   303.41643107236058      ,  0.99399999999999999      ,   6.0000000000000001E-003 ,   0.0000000000000000      ,   0.0000000000000000     
   305.13890558519608      ,  0.99299999999999999      ,   7.0000000000000001E-003 ,   0.0000000000000000      ,   0.0000000000000000     
   308.61408441446309      ,  0.99199999999999999      ,   7.0000000000000001E-003 ,   0.0000000000000000      ,   1.0000000000000000E-003
   334.59624067960948      ,  0.99099999999999999      ,   8.0000000000000002E-003 ,   0.0000000000000000      ,   1.0000000000000000E-003
   347.17802690791865      ,  0.98999999999999999      ,   8.0000000000000002E-003 ,   0.0000000000000000      ,   2.0000000000000000E-003
   355.72884564127435      ,  0.98899999999999999      ,   9.0000000000000011E-003 ,   0.0000000000000000      ,   2.0000000000000000E-003
   363.36611683091115      ,  0.98799999999999999      ,   1.0000000000000002E-002 ,   0.0000000000000000      ,   2.0000000000000000E-003
   368.29042946894072      ,  0.98599999999999999      ,   1.2000000000000004E-002 ,   0.0000000000000000      ,   2.0000000000000000E-003
   379.61911462208366      ,  0.98499999999999999      ,   1.3000000000000005E-002 ,   0.0000000000000000      ,   2.0000000000000000E-003
   385.29784716425030      ,  0.98399999999999999      ,   1.4000000000000005E-002 ,   0.0000000000000000      ,   2.0000000000000000E-003
   389.03276249142169      ,  0.98299999999999998      ,   1.5000000000000006E-002 ,   0.0000000000000000      ,   2.0000000000000000E-003
   412.72715103631424      ,  0.98199999999999998      ,   1.6000000000000007E-002 ,   0.0000000000000000      ,   2.0000000000000000E-003
   415.67650034708043      ,  0.98099999999999998      ,   1.7000000000000008E-002 ,   0.0000000000000000      ,   2.0000000000000000E-003
   418.90830996877173      ,  0.97899999999999998      ,   1.8000000000000009E-002 ,   0.0000000000000000      ,   3.0000000000000001E-003
   421.15352655989540      ,  0.97799999999999998      ,   1.9000000000000010E-002 ,   0.0000000000000000      ,   3.0000000000000001E-003
   422.44229421910205      ,  0.97699999999999998      ,   2.0000000000000011E-002 ,   0.0000000000000000      ,   3.0000000000000001E-003
   425.46376548034686      ,  0.97499999999999998      ,   2.2000000000000013E-002 ,   0.0000000000000000      ,   3.0000000000000001E-003
   437.72800583183141      ,  0.97299999999999998      ,   2.4000000000000014E-002 ,   0.0000000000000000      ,   3.0000000000000001E-003
   439.47173659409407      ,  0.97099999999999997      ,   2.6000000000000016E-002 ,   0.0000000000000000      ,   3.0000000000000001E-003
   441.74215252487443      ,  0.96999999999999997      ,   2.7000000000000017E-002 ,   0.0000000000000000      ,   3.0000000000000001E-003
   447.60467732554724      ,  0.96799999999999997      ,   2.9000000000000019E-002 ,   0.0000000000000000      ,   3.0000000000000001E-003
   456.56684292873064      ,  0.96699999999999997      ,   3.0000000000000020E-002 ,   0.0000000000000000      ,   3.0000000000000001E-003
   458.66838596166787      ,  0.96599999999999997      ,   3.1000000000000021E-002 ,   0.0000000000000000      ,   3.0000000000000001E-003
   467.23838794163163      ,  0.96499999999999997      ,   3.1000000000000021E-002 ,   0.0000000000000000      ,   4.0000000000000001E-003
   468.32864950425915      ,  0.96399999999999997      ,   3.2000000000000021E-002 ,   0.0000000000000000      ,   4.0000000000000001E-003
   470.34631369147348      ,  0.96299999999999997      ,   3.3000000000000022E-002 ,   0.0000000000000000      ,   4.0000000000000001E-003
   471.52589291568421      ,  0.96199999999999997      ,   3.4000000000000023E-002 ,   0.0000000000000000      ,   4.0000000000000001E-003
   473.33855757332140      ,  0.95999999999999996      ,   3.6000000000000025E-002 ,   0.0000000000000000      ,   4.0000000000000001E-003
   476.67191678782649      ,  0.95899999999999996      ,   3.7000000000000026E-002 ,   0.0000000000000000      ,   4.0000000000000001E-003
   478.31150264754876      ,  0.95799999999999996      ,   3.8000000000000027E-002 ,   0.0000000000000000      ,   4.0000000000000001E-003
   480.42434108105806      ,  0.95599999999999996      ,   4.0000000000000029E-002 ,   0.0000000000000000      ,   4.0000000000000001E-003
   486.21805339699290      ,  0.95399999999999996      ,   4.2000000000000030E-002 ,   0.0000000000000000      ,   4.0000000000000001E-003
   487.90900563576128      ,  0.95299999999999996      ,   4.3000000000000031E-002 ,   0.0000000000000000      ,   4.0000000000000001E-003
   491.21021346664043      ,  0.95199999999999996      ,   4.4000000000000032E-002 ,   0.0000000000000000      ,   4.0000000000000001E-003
   492.93377749002656      ,  0.95099999999999996      ,   4.4000000000000032E-002 ,   0.0000000000000000      ,   5.0000000000000001E-003
   494.88495096772493      ,  0.94899999999999995      ,   4.5000000000000033E-002 ,   0.0000000000000000      ,   6.0000000000000001E-003
   496.02709338198241      ,  0.94599999999999995      ,   4.8000000000000036E-002 ,   0.0000000000000000      ,   6.0000000000000001E-003
   505.36969630336358      ,  0.94499999999999995      ,   4.8000000000000036E-002 ,   0.0000000000000000      ,   7.0000000000000001E-003
   506.38238669873988      ,  0.94399999999999995      ,   4.9000000000000037E-002 ,   0.0000000000000000      ,   7.0000000000000001E-003
   507.76482308247836      ,  0.94299999999999995      ,   5.0000000000000037E-002 ,   0.0000000000000000      ,   7.0000000000000001E-003
   509.09402731210980      ,  0.94099999999999995      ,   5.2000000000000039E-002 ,   0.0000000000000000      ,   7.0000000000000001E-003
   510.52060111003141      ,  0.93899999999999995      ,   5.3000000000000040E-002 ,   0.0000000000000000      ,   8.0000000000000002E-003
   512.07805596901642      ,  0.93799999999999994      ,   5.4000000000000041E-002 ,   0.0000000000000000      ,   8.0000000000000002E-003
   514.80547265893915      ,  0.93599999999999994      ,   5.5000000000000042E-002 ,   0.0000000000000000      ,   9.0000000000000011E-003
   518.77060472354492      ,  0.93499999999999994      ,   5.6000000000000043E-002 ,   0.0000000000000000      ,   9.0000000000000011E-003
   519.96557113186702      ,  0.93299999999999994      ,   5.8000000000000045E-002 ,   0.0000000000000000      ,   9.0000000000000011E-003
   521.08016044940791      ,  0.93199999999999994      ,   5.9000000000000045E-002 ,   0.0000000000000000      ,   9.0000000000000011E-003
   523.22493858217877      ,  0.93099999999999994      ,   6.0000000000000046E-002 ,   0.0000000000000000      ,   9.0000000000000011E-003
   526.54532572493690      ,  0.92999999999999994      ,   6.1000000000000047E-002 ,   0.0000000000000000      ,   9.0000000000000011E-003
   529.08701774974031      ,  0.92599999999999993      ,   6.4000000000000043E-002 ,   0.0000000000000000      ,   1.0000000000000002E-002
   531.47252945837317      ,  0.92499999999999993      ,   6.5000000000000044E-002 ,   0.0000000000000000      ,   1.0000000000000002E-002
   533.08441722721170      ,  0.92399999999999993      ,   6.6000000000000045E-002 ,   0.0000000000000000      ,   1.0000000000000002E-002
   535.52996409114212      ,  0.92299999999999993      ,   6.7000000000000046E-002 ,   0.0000000000000000      ,   1.0000000000000002E-002
   537.63528684420316      ,  0.92199999999999993      ,   6.7000000000000046E-002 ,   0.0000000000000000      ,   1.1000000000000003E-002
   540.41911780168687      ,  0.91999999999999993      ,   6.9000000000000047E-002 ,   0.0000000000000000      ,   1.1000000000000003E-002
   542.97178706716124      ,  0.91899999999999993      ,   7.0000000000000048E-002 ,   0.0000000000000000      ,   1.1000000000000003E-002
   545.44142019315757      ,  0.91799999999999993      ,   7.0000000000000048E-002 ,   1.0000000000000000E-003 ,   1.1000000000000003E-002
   548.46894383026972      ,  0.91699999999999993      ,   7.1000000000000049E-002 ,   1.0000000000000000E-003 ,   1.1000000000000003E-002
   550.32158700540447      ,  0.91499999999999992      ,   7.3000000000000051E-002 ,   1.0000000000000000E-003 ,   1.1000000000000003E-002
   552.09689536274254      ,  0.91199999999999992      ,   7.5000000000000053E-002 ,   1.0000000000000000E-003 ,   1.2000000000000004E-002
   554.51431744108947      ,  0.90899999999999992      ,   7.8000000000000055E-002 ,   1.0000000000000000E-003 ,   1.2000000000000004E-002
   556.04535862768830      ,  0.90499999999999992      ,   8.0000000000000057E-002 ,   1.0000000000000000E-003 ,   1.4000000000000005E-002
   557.62941005341668      ,  0.90399999999999991      ,   8.1000000000000058E-002 ,   1.0000000000000000E-003 ,   1.4000000000000005E-002
   562.72235805155799      ,  0.90299999999999991      ,   8.1000000000000058E-002 ,   2.0000000000000000E-003 ,   1.4000000000000005E-002
   566.30518533655811      ,  0.90099999999999991      ,   8.3000000000000060E-002 ,   2.0000000000000000E-003 ,   1.4000000000000005E-002
   567.48824615031981      ,  0.89899999999999991      ,   8.4000000000000061E-002 ,   2.0000000000000000E-003 ,   1.5000000000000006E-002
   569.42501662014422      ,  0.89699999999999991      ,   8.6000000000000063E-002 ,   2.0000000000000000E-003 ,   1.5000000000000006E-002
   571.11287114774393      ,  0.89599999999999991      ,   8.5000000000000062E-002 ,   4.0000000000000001E-003 ,   1.5000000000000006E-002
   573.35909505137226      ,  0.89399999999999991      ,   8.7000000000000063E-002 ,   4.0000000000000001E-003 ,   1.5000000000000006E-002
   575.74741148742544      ,  0.89299999999999990      ,   8.8000000000000064E-002 ,   4.0000000000000001E-003 ,   1.5000000000000006E-002
   577.03049370460144      ,  0.89099999999999990      ,   9.0000000000000066E-002 ,   4.0000000000000001E-003 ,   1.5000000000000006E-002
   579.68172928787931      ,  0.88899999999999990      ,   9.2000000000000068E-002 ,   4.0000000000000001E-003 ,   1.5000000000000006E-002
   581.18279008982938      ,  0.88799999999999990      ,   9.3000000000000069E-002 ,   4.0000000000000001E-003 ,   1.5000000000000006E-002
   584.22254290790636      ,  0.88699999999999990      ,   9.4000000000000070E-002 ,   4.0000000000000001E-003 ,   1.5000000000000006E-002
   586.29156039717884      ,  0.88599999999999990      ,   9.4000000000000070E-002 ,   4.0000000000000001E-003 ,   1.6000000000000007E-002
   591.12141279893990      ,  0.88299999999999990      ,   9.6000000000000071E-002 ,   4.0000000000000001E-003 ,   1.7000000000000008E-002
   596.28070467867508      ,  0.88099999999999989      ,   9.6000000000000071E-002 ,   4.0000000000000001E-003 ,   1.9000000000000010E-002
   597.56057837882076      ,  0.88099999999999989      ,   9.5000000000000070E-002 ,   4.0000000000000001E-003 ,   2.0000000000000011E-002
   599.48570003143357      ,  0.87899999999999989      ,   9.6000000000000071E-002 ,   4.0000000000000001E-003 ,   2.1000000000000012E-002
   601.82869717416634      ,  0.87699999999999989      ,   9.6000000000000071E-002 ,   4.0000000000000001E-003 ,   2.3000000000000013E-002
   603.02351494651055      ,  0.87499999999999989      ,   9.8000000000000073E-002 ,   4.0000000000000001E-003 ,   2.3000000000000013E-002
   604.77723802402261      ,  0.87399999999999989      ,   9.9000000000000074E-002 ,   4.0000000000000001E-003 ,   2.3000000000000013E-002
   606.57656179919911      ,  0.87199999999999989      ,  0.10100000000000008      ,   4.0000000000000001E-003 ,   2.3000000000000013E-002
   607.92571517939678      ,  0.86999999999999988      ,  0.10100000000000008      ,   4.0000000000000001E-003 ,   2.5000000000000015E-002
   609.25242491743347      ,  0.86799999999999988      ,  0.10300000000000008      ,   4.0000000000000001E-003 ,   2.5000000000000015E-002
   610.81282232976707      ,  0.86599999999999988      ,  0.10500000000000008      ,   4.0000000000000001E-003 ,   2.5000000000000015E-002
   612.24774520298786      ,  0.86499999999999988      ,  0.10600000000000008      ,   4.0000000000000001E-003 ,   2.5000000000000015E-002
   613.97448904955399      ,  0.86399999999999988      ,  0.10600000000000008      ,   4.0000000000000001E-003 ,   2.6000000000000016E-002
   615.36672827166956      ,  0.86199999999999988      ,  0.10700000000000008      ,   4.0000000000000001E-003 ,   2.7000000000000017E-002
   617.17178201493482      ,  0.86099999999999988      ,  0.10800000000000008      ,   4.0000000000000001E-003 ,   2.7000000000000017E-002
   618.89386460918206      ,  0.85899999999999987      ,  0.10900000000000008      ,   4.0000000000000001E-003 ,   2.8000000000000018E-002
   620.36928364596997      ,  0.85699999999999987      ,  0.11100000000000008      ,   4.0000000000000001E-003 ,   2.8000000000000018E-002
   624.45121411007096      ,  0.85599999999999987      ,  0.11200000000000009      ,   4.0000000000000001E-003 ,   2.8000000000000018E-002
   629.42283088610793      ,  0.85599999999999987      ,  0.11100000000000008      ,   4.0000000000000001E-003 ,   2.9000000000000019E-002
   630.86834736051492      ,  0.85299999999999987      ,  0.11200000000000009      ,   5.0000000000000001E-003 ,   3.0000000000000020E-002
   632.20308077049742      ,  0.85099999999999987      ,  0.11300000000000009      ,   6.0000000000000001E-003 ,   3.0000000000000020E-002
   635.34489493784326      ,  0.84899999999999987      ,  0.11500000000000009      ,   6.0000000000000001E-003 ,   3.0000000000000020E-002
   637.94594978398766      ,  0.84799999999999986      ,  0.11500000000000009      ,   6.0000000000000001E-003 ,   3.1000000000000021E-002
   639.13309120735528      ,  0.84599999999999986      ,  0.11600000000000009      ,   6.0000000000000001E-003 ,   3.2000000000000021E-002
   640.35663159713044      ,  0.84499999999999986      ,  0.11600000000000009      ,   6.0000000000000001E-003 ,   3.3000000000000022E-002
   643.59771089568653      ,  0.84299999999999986      ,  0.11800000000000009      ,   6.0000000000000001E-003 ,   3.3000000000000022E-002
   645.83370944102444      ,  0.83999999999999986      ,  0.12100000000000009      ,   6.0000000000000001E-003 ,   3.3000000000000022E-002
   647.08815567902991      ,  0.83699999999999986      ,  0.12300000000000010      ,   6.0000000000000001E-003 ,   3.4000000000000023E-002
   649.17603573747124      ,  0.83399999999999985      ,  0.12500000000000008      ,   7.0000000000000001E-003 ,   3.4000000000000023E-002
   650.33308005544109      ,  0.83099999999999985      ,  0.12700000000000009      ,   7.0000000000000001E-003 ,   3.5000000000000024E-002
   652.30260113975794      ,  0.82999999999999985      ,  0.12800000000000009      ,   7.0000000000000001E-003 ,   3.5000000000000024E-002
   653.57710500321070      ,  0.82699999999999985      ,  0.13000000000000009      ,   7.0000000000000001E-003 ,   3.6000000000000025E-002
   655.10956785842029      ,  0.82299999999999984      ,  0.13300000000000009      ,   7.0000000000000001E-003 ,   3.7000000000000026E-002
   657.01025056901506      ,  0.82199999999999984      ,  0.13400000000000009      ,   7.0000000000000001E-003 ,   3.7000000000000026E-002
   658.65700584585773      ,  0.81999999999999984      ,  0.13600000000000009      ,   7.0000000000000001E-003 ,   3.7000000000000026E-002
   659.74550904342209      ,  0.81899999999999984      ,  0.13700000000000009      ,   7.0000000000000001E-003 ,   3.7000000000000026E-002
   660.84085285077595      ,  0.81699999999999984      ,  0.13900000000000010      ,   7.0000000000000001E-003 ,   3.7000000000000026E-002
   664.10265556304830      ,  0.81499999999999984      ,  0.14000000000000010      ,   7.0000000000000001E-003 ,   3.8000000000000027E-002
   665.16185052867513      ,  0.81299999999999983      ,  0.14200000000000010      ,   7.0000000000000001E-003 ,   3.8000000000000027E-002
   666.43661586314749      ,  0.81099999999999983      ,  0.14300000000000010      ,   7.0000000000000001E-003 ,   3.9000000000000028E-002
   668.55053594658580      ,  0.80999999999999983      ,  0.14300000000000010      ,   8.0000000000000002E-003 ,   3.9000000000000028E-002
   671.07428663366409      ,  0.80899999999999983      ,  0.14400000000000010      ,   8.0000000000000002E-003 ,   3.9000000000000028E-002
   672.26662471064128      ,  0.80599999999999983      ,  0.14600000000000010      ,   8.0000000000000002E-003 ,   4.0000000000000029E-002
   673.74784803966304      ,  0.80499999999999983      ,  0.14700000000000010      ,   8.0000000000000002E-003 ,   4.0000000000000029E-002
   675.83278145926681      ,  0.80099999999999982      ,  0.14900000000000010      ,   8.0000000000000002E-003 ,   4.2000000000000030E-002
   677.11475090776298      ,  0.80099999999999982      ,  0.14800000000000010      ,   9.0000000000000011E-003 ,   4.2000000000000030E-002
   678.29243074306953      ,  0.79999999999999982      ,  0.14800000000000010      ,   9.0000000000000011E-003 ,   4.3000000000000031E-002
   679.34770897388069      ,  0.79599999999999982      ,  0.15100000000000011      ,   9.0000000000000011E-003 ,   4.4000000000000032E-002
   680.68911783159660      ,  0.79299999999999982      ,  0.15100000000000011      ,   1.0000000000000002E-002 ,   4.6000000000000034E-002
   683.00696067983779      ,  0.79099999999999981      ,  0.15100000000000011      ,   1.1000000000000003E-002 ,   4.7000000000000035E-002
   685.72087169417182      ,  0.78999999999999981      ,  0.15200000000000011      ,   1.1000000000000003E-002 ,   4.7000000000000035E-002
   686.80335338398106      ,  0.78799999999999981      ,  0.15400000000000011      ,   1.1000000000000003E-002 ,   4.7000000000000035E-002
   688.01363078434474      ,  0.78599999999999981      ,  0.15400000000000011      ,   1.2000000000000004E-002 ,   4.8000000000000036E-002
   690.09662637829967      ,  0.78499999999999981      ,  0.15500000000000011      ,   1.2000000000000004E-002 ,   4.8000000000000036E-002
   691.35581833354934      ,  0.77999999999999980      ,  0.15700000000000011      ,   1.3000000000000005E-002 ,   5.0000000000000037E-002
   694.14619443830395      ,  0.77799999999999980      ,  0.15800000000000011      ,   1.3000000000000005E-002 ,   5.1000000000000038E-002
   695.27161824649738      ,  0.77599999999999980      ,  0.16000000000000011      ,   1.3000000000000005E-002 ,   5.1000000000000038E-002
   696.31312112658543      ,  0.77399999999999980      ,  0.16200000000000012      ,   1.3000000000000005E-002 ,   5.1000000000000038E-002
   697.55153807721422      ,  0.76899999999999979      ,  0.16600000000000012      ,   1.3000000000000005E-002 ,   5.2000000000000039E-002
   699.14647368042961      ,  0.76699999999999979      ,  0.16700000000000012      ,   1.4000000000000005E-002 ,   5.2000000000000039E-002
   700.34201835649480      ,  0.76299999999999979      ,  0.17000000000000012      ,   1.4000000000000005E-002 ,   5.3000000000000040E-002
   701.49604493145864      ,  0.76099999999999979      ,  0.17100000000000012      ,   1.4000000000000005E-002 ,   5.4000000000000041E-002
   703.18532516720813      ,  0.75999999999999979      ,  0.17200000000000013      ,   1.4000000000000005E-002 ,   5.4000000000000041E-002
   704.30356147772466      ,  0.75699999999999978      ,  0.17500000000000013      ,   1.4000000000000005E-002 ,   5.4000000000000041E-002
   705.58697160769611      ,  0.75499999999999978      ,  0.17700000000000013      ,   1.4000000000000005E-002 ,   5.4000000000000041E-002
   706.77957947980144      ,  0.75099999999999978      ,  0.18000000000000013      ,   1.4000000000000005E-002 ,   5.5000000000000042E-002
   707.83047225339021      ,  0.74999999999999978      ,  0.18000000000000013      ,   1.5000000000000006E-002 ,   5.5000000000000042E-002
   709.27614212222113      ,  0.74799999999999978      ,  0.18200000000000013      ,   1.5000000000000006E-002 ,   5.5000000000000042E-002
   710.54236913278828      ,  0.74599999999999977      ,  0.18400000000000014      ,   1.5000000000000006E-002 ,   5.5000000000000042E-002
   712.51976560615719      ,  0.74199999999999977      ,  0.18700000000000014      ,   1.5000000000000006E-002 ,   5.6000000000000043E-002
   715.09990334491556      ,  0.73999999999999977      ,  0.18800000000000014      ,   1.5000000000000006E-002 ,   5.7000000000000044E-002
   716.60678866320984      ,  0.73799999999999977      ,  0.19000000000000014      ,   1.4000000000000005E-002 ,   5.8000000000000045E-002
   717.82913239897948      ,  0.73499999999999976      ,  0.19100000000000014      ,   1.4000000000000005E-002 ,   6.0000000000000046E-002
   718.86264394062016      ,  0.73299999999999976      ,  0.19400000000000014      ,   1.3000000000000005E-002 ,   6.0000000000000046E-002
   722.36476533590599      ,  0.73199999999999976      ,  0.19200000000000014      ,   1.5000000000000006E-002 ,   6.1000000000000047E-002
   723.79801521666491      ,  0.72899999999999976      ,  0.19500000000000015      ,   1.5000000000000006E-002 ,   6.1000000000000047E-002
   725.12157410856696      ,  0.72599999999999976      ,  0.19800000000000015      ,   1.5000000000000006E-002 ,   6.1000000000000047E-002
   726.16190726408570      ,  0.72199999999999975      ,  0.20100000000000015      ,   1.5000000000000006E-002 ,   6.2000000000000048E-002
   728.31604795668443      ,  0.71899999999999975      ,  0.20300000000000015      ,   1.5000000000000006E-002 ,   6.3000000000000042E-002
   730.56146369189469      ,  0.71599999999999975      ,  0.20400000000000015      ,   1.5000000000000006E-002 ,   6.5000000000000044E-002
   732.26990898525901      ,  0.71399999999999975      ,  0.20500000000000015      ,   1.5000000000000006E-002 ,   6.6000000000000045E-002
   733.28793658098994      ,  0.71299999999999975      ,  0.20500000000000015      ,   1.5000000000000006E-002 ,   6.7000000000000046E-002
   734.40639013850603      ,  0.70899999999999974      ,  0.20900000000000016      ,   1.5000000000000006E-002 ,   6.7000000000000046E-002
   735.48920511985636      ,  0.70899999999999974      ,  0.20700000000000016      ,   1.5000000000000006E-002 ,   6.9000000000000047E-002
   736.75524942436402      ,  0.70699999999999974      ,  0.20900000000000016      ,   1.5000000000000006E-002 ,   6.9000000000000047E-002
   738.14482126887606      ,  0.70599999999999974      ,  0.20900000000000016      ,   1.5000000000000006E-002 ,   7.0000000000000048E-002
   739.28346641352084      ,  0.70399999999999974      ,  0.21100000000000016      ,   1.5000000000000006E-002 ,   7.0000000000000048E-002
   742.16475267759188      ,  0.70099999999999973      ,  0.21300000000000016      ,   1.5000000000000006E-002 ,   7.1000000000000049E-002
   743.44879518842185      ,  0.69899999999999973      ,  0.21300000000000016      ,   1.7000000000000008E-002 ,   7.1000000000000049E-002
   744.99822460856080      ,  0.69399999999999973      ,  0.21600000000000016      ,   1.7000000000000008E-002 ,   7.3000000000000051E-002
   746.76545380382299      ,  0.69299999999999973      ,  0.21500000000000016      ,   1.8000000000000009E-002 ,   7.4000000000000052E-002
   748.35773446474911      ,  0.68999999999999972      ,  0.21700000000000016      ,   1.8000000000000009E-002 ,   7.5000000000000053E-002
   749.41947393037242      ,  0.68799999999999972      ,  0.21800000000000017      ,   1.8000000000000009E-002 ,   7.6000000000000054E-002
   750.64523556773634      ,  0.68699999999999972      ,  0.21900000000000017      ,   1.8000000000000009E-002 ,   7.6000000000000054E-002
   751.70783271268681      ,  0.68499999999999972      ,  0.22100000000000017      ,   1.8000000000000009E-002 ,   7.6000000000000054E-002
   752.80325868155182      ,  0.68199999999999972      ,  0.22400000000000017      ,   1.8000000000000009E-002 ,   7.6000000000000054E-002
   754.15994674810486      ,  0.67799999999999971      ,  0.22600000000000017      ,   1.9000000000000010E-002 ,   7.7000000000000055E-002
   755.99868676743949      ,  0.67399999999999971      ,  0.22900000000000018      ,   2.0000000000000011E-002 ,   7.7000000000000055E-002
   757.07295714502652      ,  0.66899999999999971      ,  0.23300000000000018      ,   2.0000000000000011E-002 ,   7.8000000000000055E-002
   758.22307317885361      ,  0.66699999999999970      ,  0.23400000000000018      ,   2.0000000000000011E-002 ,   7.9000000000000056E-002
   759.25899764797543      ,  0.66599999999999970      ,  0.23400000000000018      ,   2.1000000000000012E-002 ,   7.9000000000000056E-002
   760.67005225991556      ,  0.66499999999999970      ,  0.23400000000000018      ,   2.1000000000000012E-002 ,   8.0000000000000057E-002
   761.84190333181357      ,  0.66399999999999970      ,  0.23400000000000018      ,   2.1000000000000012E-002 ,   8.1000000000000058E-002
   763.09221406315271      ,  0.66199999999999970      ,  0.23500000000000018      ,   2.1000000000000012E-002 ,   8.2000000000000059E-002
   764.40201380110602      ,  0.65999999999999970      ,  0.23700000000000018      ,   2.1000000000000012E-002 ,   8.2000000000000059E-002
   765.91176590444593      ,  0.65899999999999970      ,  0.23800000000000018      ,   2.1000000000000012E-002 ,   8.2000000000000059E-002
   767.12442858521615      ,  0.65799999999999970      ,  0.23700000000000018      ,   2.2000000000000013E-002 ,   8.3000000000000060E-002
   768.79939550145104      ,  0.65499999999999969      ,  0.23900000000000018      ,   2.2000000000000013E-002 ,   8.4000000000000061E-002
   770.28400039251244      ,  0.65299999999999969      ,  0.24100000000000019      ,   2.1000000000000012E-002 ,   8.5000000000000062E-002
   771.44742095473612      ,  0.64999999999999969      ,  0.24400000000000019      ,   2.1000000000000012E-002 ,   8.5000000000000062E-002
   772.65204942411583      ,  0.64799999999999969      ,  0.24500000000000019      ,   2.1000000000000012E-002 ,   8.6000000000000063E-002
   773.76238179792972      ,  0.64399999999999968      ,  0.24700000000000019      ,   2.1000000000000012E-002 ,   8.8000000000000064E-002
   774.99312581822062      ,  0.63899999999999968      ,  0.25100000000000017      ,   2.1000000000000012E-002 ,   8.9000000000000065E-002
   776.06743243076437      ,  0.63699999999999968      ,  0.25100000000000017      ,   2.3000000000000013E-002 ,   8.9000000000000065E-002
   777.88303086062353      ,  0.63599999999999968      ,  0.25200000000000017      ,   2.3000000000000013E-002 ,   8.9000000000000065E-002
   779.46145075937557      ,  0.63299999999999967      ,  0.25300000000000017      ,   2.3000000000000013E-002 ,   9.1000000000000067E-002
   781.15819808909544      ,  0.62999999999999967      ,  0.25500000000000017      ,   2.3000000000000013E-002 ,   9.2000000000000068E-002
   783.09165037481148      ,  0.62799999999999967      ,  0.25600000000000017      ,   2.3000000000000013E-002 ,   9.3000000000000069E-002
   784.29953854133646      ,  0.62699999999999967      ,  0.25700000000000017      ,   2.3000000000000013E-002 ,   9.3000000000000069E-002
   785.68092359806451      ,  0.62599999999999967      ,  0.25700000000000017      ,   2.3000000000000013E-002 ,   9.4000000000000070E-002
   786.84621163565714      ,  0.62499999999999967      ,  0.25700000000000017      ,   2.3000000000000013E-002 ,   9.5000000000000070E-002
   787.88001538609274      ,  0.61899999999999966      ,  0.25900000000000017      ,   2.4000000000000014E-002 ,   9.8000000000000073E-002
   789.57699452102270      ,  0.61599999999999966      ,  0.26000000000000018      ,   2.4000000000000014E-002 ,  0.10000000000000007     
   790.85494693865985      ,  0.61499999999999966      ,  0.26000000000000018      ,   2.4000000000000014E-002 ,  0.10100000000000008     
   792.17410458220513      ,  0.61499999999999966      ,  0.25900000000000017      ,   2.4000000000000014E-002 ,  0.10200000000000008     
   793.33962805786575      ,  0.61299999999999966      ,  0.26100000000000018      ,   2.4000000000000014E-002 ,  0.10200000000000008     
   794.48990835193581      ,  0.60999999999999965      ,  0.26400000000000018      ,   2.4000000000000014E-002 ,  0.10200000000000008     
   795.86247653349812      ,  0.60999999999999965      ,  0.26200000000000018      ,   2.4000000000000014E-002 ,  0.10400000000000008     
   797.63802026993164      ,  0.60599999999999965      ,  0.26600000000000018      ,   2.4000000000000014E-002 ,  0.10400000000000008     
   798.71946072472258      ,  0.60099999999999965      ,  0.27000000000000018      ,   2.4000000000000014E-002 ,  0.10500000000000008     
   801.07475356774228      ,  0.59899999999999964      ,  0.27100000000000019      ,   2.4000000000000014E-002 ,  0.10600000000000008     
   802.16454673908163      ,  0.59599999999999964      ,  0.27300000000000019      ,   2.5000000000000015E-002 ,  0.10600000000000008     
   803.60390943121479      ,  0.59499999999999964      ,  0.27200000000000019      ,   2.5000000000000015E-002 ,  0.10800000000000008     
   804.61817268575044      ,  0.59199999999999964      ,  0.27200000000000019      ,   2.5000000000000015E-002 ,  0.11100000000000008     
   805.91587838012117      ,  0.59099999999999964      ,  0.27200000000000019      ,   2.5000000000000015E-002 ,  0.11200000000000009     
   806.96735983110545      ,  0.58899999999999963      ,  0.27200000000000019      ,   2.6000000000000016E-002 ,  0.11300000000000009     
   807.98699094468486      ,  0.58699999999999963      ,  0.27300000000000019      ,   2.6000000000000016E-002 ,  0.11400000000000009     
   809.53909307505501      ,  0.58399999999999963      ,  0.27300000000000019      ,   2.7000000000000017E-002 ,  0.11600000000000009     
   810.67862522671248      ,  0.58199999999999963      ,  0.27400000000000019      ,   2.7000000000000017E-002 ,  0.11700000000000009     
   811.72465418849208      ,  0.57899999999999963      ,  0.27500000000000019      ,   2.7000000000000017E-002 ,  0.11900000000000009     
   813.50964203749345      ,  0.57599999999999962      ,  0.27400000000000019      ,   2.9000000000000019E-002 ,  0.12100000000000009     
   815.40645534346174      ,  0.57299999999999962      ,  0.27600000000000019      ,   3.0000000000000020E-002 ,  0.12100000000000009     
   817.28760551069922      ,  0.56999999999999962      ,  0.27900000000000019      ,   3.0000000000000020E-002 ,  0.12100000000000009     
   818.40676582985873      ,  0.56899999999999962      ,  0.27900000000000019      ,   3.0000000000000020E-002 ,  0.12200000000000009     
   819.91721696262346      ,  0.56699999999999962      ,  0.27700000000000019      ,   3.2000000000000021E-002 ,  0.12400000000000010     
   822.73253594559048      ,  0.56699999999999962      ,  0.27400000000000019      ,   3.4000000000000023E-002 ,  0.12500000000000008     
   824.33563160919266      ,  0.56599999999999961      ,  0.27400000000000019      ,   3.4000000000000023E-002 ,  0.12600000000000008     
   826.81131011677962      ,  0.56399999999999961      ,  0.27600000000000019      ,   3.4000000000000023E-002 ,  0.12600000000000008     
   828.00588689075812      ,  0.56199999999999961      ,  0.27800000000000019      ,   3.4000000000000023E-002 ,  0.12600000000000008     
   829.94913441078972      ,  0.55999999999999961      ,  0.27900000000000019      ,   3.4000000000000023E-002 ,  0.12700000000000009     
   831.47059380811174      ,  0.55799999999999961      ,  0.28000000000000019      ,   3.4000000000000023E-002 ,  0.12800000000000009     
   832.54674960106570      ,  0.55599999999999961      ,  0.28200000000000019      ,   3.4000000000000023E-002 ,  0.12800000000000009     
   833.72723456233552      ,  0.55399999999999960      ,  0.28300000000000020      ,   3.4000000000000023E-002 ,  0.12900000000000009     
   834.82172665669168      ,  0.55199999999999960      ,  0.28500000000000020      ,   3.4000000000000023E-002 ,  0.12900000000000009     
   835.86452685312179      ,  0.54999999999999960      ,  0.28600000000000020      ,   3.4000000000000023E-002 ,  0.13000000000000009     
   836.90589332527657      ,  0.54799999999999960      ,  0.28800000000000020      ,   3.4000000000000023E-002 ,  0.13000000000000009     
   838.03500365656566      ,  0.54799999999999960      ,  0.28700000000000020      ,   3.4000000000000023E-002 ,  0.13100000000000009     
   839.65191770282445      ,  0.54499999999999960      ,  0.29000000000000020      ,   3.4000000000000023E-002 ,  0.13100000000000009     
   840.91573044937422      ,  0.54399999999999959      ,  0.29000000000000020      ,   3.4000000000000023E-002 ,  0.13200000000000009     
   843.62537266282129      ,  0.54099999999999959      ,  0.29000000000000020      ,   3.5000000000000024E-002 ,  0.13400000000000009     
   845.87604825842755      ,  0.53899999999999959      ,  0.29000000000000020      ,   3.6000000000000025E-002 ,  0.13500000000000009     
   846.91617096587891      ,  0.53599999999999959      ,  0.29100000000000020      ,   3.6000000000000025E-002 ,  0.13700000000000009     
   848.16702395306083      ,  0.53499999999999959      ,  0.29200000000000020      ,   3.6000000000000025E-002 ,  0.13700000000000009     
   850.60336935957071      ,  0.53299999999999959      ,  0.29300000000000020      ,   3.6000000000000025E-002 ,  0.13800000000000009     
   851.62883370667885      ,  0.52899999999999958      ,  0.29500000000000021      ,   3.6000000000000025E-002 ,  0.14000000000000010     
   853.33133975388444      ,  0.52799999999999958      ,  0.29400000000000021      ,   3.7000000000000026E-002 ,  0.14100000000000010     
   854.61586763145533      ,  0.52699999999999958      ,  0.29400000000000021      ,   3.7000000000000026E-002 ,  0.14200000000000010     
   855.75319768161239      ,  0.52499999999999958      ,  0.29400000000000021      ,   3.7000000000000026E-002 ,  0.14400000000000010     
   856.76606683161151      ,  0.52199999999999958      ,  0.29600000000000021      ,   3.7000000000000026E-002 ,  0.14500000000000010     
   858.38659424292837      ,  0.52099999999999957      ,  0.29700000000000021      ,   3.7000000000000026E-002 ,  0.14500000000000010     
   859.43302339584375      ,  0.51799999999999957      ,  0.29900000000000021      ,   3.7000000000000026E-002 ,  0.14600000000000010     
   860.48023120808818      ,  0.51599999999999957      ,  0.30000000000000021      ,   3.7000000000000026E-002 ,  0.14700000000000010     
   861.58019973007083      ,  0.51499999999999957      ,  0.30200000000000021      ,   3.6000000000000025E-002 ,  0.14700000000000010     
   862.96378736850443      ,  0.51299999999999957      ,  0.30400000000000021      ,   3.6000000000000025E-002 ,  0.14700000000000010     
   864.02751422241352      ,  0.51099999999999957      ,  0.30400000000000021      ,   3.8000000000000027E-002 ,  0.14700000000000010     
   865.13610624792693      ,  0.50999999999999956      ,  0.30500000000000022      ,   3.8000000000000027E-002 ,  0.14700000000000010     
   867.05676654981073      ,  0.50899999999999956      ,  0.30400000000000021      ,   3.8000000000000027E-002 ,  0.14900000000000010     
   868.09543995620868      ,  0.50899999999999956      ,  0.30300000000000021      ,   3.9000000000000028E-002 ,  0.14900000000000010     
   869.26580799407134      ,  0.50599999999999956      ,  0.30400000000000021      ,   4.0000000000000029E-002 ,  0.15000000000000011     
   870.60139821862765      ,  0.50299999999999956      ,  0.30700000000000022      ,   4.0000000000000029E-002 ,  0.15000000000000011     
   871.75946313678412      ,  0.50099999999999956      ,  0.30700000000000022      ,   4.1000000000000029E-002 ,  0.15100000000000011     
   873.61992868412108      ,  0.49999999999999956      ,  0.30600000000000022      ,   4.2000000000000030E-002 ,  0.15200000000000011     
   874.88311273110696      ,  0.49899999999999956      ,  0.30600000000000022      ,   4.3000000000000031E-002 ,  0.15200000000000011     
   876.13781394316300      ,  0.49599999999999955      ,  0.30800000000000022      ,   4.3000000000000031E-002 ,  0.15300000000000011     
   877.29229996420872      ,  0.49199999999999955      ,  0.31000000000000022      ,   4.3000000000000031E-002 ,  0.15500000000000011     
   879.09455837093287      ,  0.49099999999999955      ,  0.31200000000000022      ,   4.2000000000000030E-002 ,  0.15500000000000011     
   880.60659306878233      ,  0.48899999999999955      ,  0.31300000000000022      ,   4.2000000000000030E-002 ,  0.15600000000000011     
   881.77490168567715      ,  0.48599999999999954      ,  0.31400000000000022      ,   4.2000000000000030E-002 ,  0.15800000000000011     
   882.96347744349043      ,  0.48599999999999954      ,  0.31200000000000022      ,   4.3000000000000031E-002 ,  0.15900000000000011     
   884.04663395261059      ,  0.48299999999999954      ,  0.31500000000000022      ,   4.3000000000000031E-002 ,  0.15900000000000011     
   886.11422343310323      ,  0.48199999999999954      ,  0.31500000000000022      ,   4.3000000000000031E-002 ,  0.16000000000000011     
   887.30669300950819      ,  0.47999999999999954      ,  0.31600000000000023      ,   4.3000000000000031E-002 ,  0.16100000000000012     
   888.63624165038766      ,  0.47699999999999954      ,  0.31900000000000023      ,   4.3000000000000031E-002 ,  0.16100000000000012     
   890.06694680224950      ,  0.47399999999999953      ,  0.32000000000000023      ,   4.3000000000000031E-002 ,  0.16300000000000012     
   891.52816644717404      ,  0.47099999999999953      ,  0.32100000000000023      ,   4.3000000000000031E-002 ,  0.16500000000000012     
   893.02138035659891      ,  0.46699999999999953      ,  0.32200000000000023      ,   4.3000000000000031E-002 ,  0.16800000000000012     
   894.46639548204337      ,  0.46699999999999953      ,  0.32100000000000023      ,   4.3000000000000031E-002 ,  0.16900000000000012     
   895.65083461983954      ,  0.46599999999999953      ,  0.32100000000000023      ,   4.3000000000000031E-002 ,  0.17000000000000012     
   896.73482887286036      ,  0.46499999999999952      ,  0.31800000000000023      ,   4.5000000000000033E-002 ,  0.17200000000000013     
   898.35542933771421      ,  0.46099999999999952      ,  0.32100000000000023      ,   4.5000000000000033E-002 ,  0.17300000000000013     
   899.97039323639024      ,  0.45999999999999952      ,  0.32100000000000023      ,   4.5000000000000033E-002 ,  0.17400000000000013     
   901.72424250369590      ,  0.45999999999999952      ,  0.32000000000000023      ,   4.5000000000000033E-002 ,  0.17500000000000013     
   903.25983439260074      ,  0.45399999999999952      ,  0.32400000000000023      ,   4.5000000000000033E-002 ,  0.17700000000000013     
   904.60001713554561      ,  0.45299999999999951      ,  0.32400000000000023      ,   4.5000000000000033E-002 ,  0.17800000000000013     
   905.62730513690292      ,  0.44999999999999951      ,  0.32500000000000023      ,   4.6000000000000034E-002 ,  0.17900000000000013     
   907.45782582723859      ,  0.44599999999999951      ,  0.32600000000000023      ,   4.7000000000000035E-002 ,  0.18100000000000013     
   908.95280858080548      ,  0.44499999999999951      ,  0.32500000000000023      ,   4.7000000000000035E-002 ,  0.18300000000000013     
