   0.0000000000000000      ,  0.99950000000000006      ,   5.0000000000000001E-004 ,   0.0000000000000000      ,   0.0000000000000000     
   311.28763404101278      ,  0.99900000000000011      ,   1.0000000000000000E-003 ,   0.0000000000000000      ,   0.0000000000000000     
   461.79970035492988      ,  0.99850000000000017      ,   1.5000000000000000E-003 ,   0.0000000000000000      ,   0.0000000000000000     
   532.33745269045244      ,  0.99800000000000022      ,   2.0000000000000000E-003 ,   0.0000000000000000      ,   0.0000000000000000     
   567.01716053717496      ,  0.99750000000000028      ,   2.5000000000000001E-003 ,   0.0000000000000000      ,   0.0000000000000000     
   606.44923287475262      ,  0.99700000000000033      ,   3.0000000000000001E-003 ,   0.0000000000000000      ,   0.0000000000000000     
   609.88734345354408      ,  0.99650000000000039      ,   3.5000000000000001E-003 ,   0.0000000000000000      ,   0.0000000000000000     
   616.82159938992470      ,  0.99600000000000044      ,   3.5000000000000001E-003 ,   0.0000000000000000      ,   5.0000000000000001E-004
   668.64828415339480      ,  0.99550000000000050      ,   4.0000000000000001E-003 ,   0.0000000000000000      ,   5.0000000000000001E-004
   693.73685518763693      ,  0.99500000000000055      ,   4.0000000000000001E-003 ,   0.0000000000000000      ,   1.0000000000000000E-003
   710.78183791593517      ,  0.99450000000000061      ,   4.5000000000000005E-003 ,   0.0000000000000000      ,   1.0000000000000000E-003
   726.00069976861676      ,  0.99400000000000066      ,   5.0000000000000010E-003 ,   0.0000000000000000      ,   1.0000000000000000E-003
   727.96414391116309      ,  0.99350000000000072      ,   5.5000000000000014E-003 ,   0.0000000000000000      ,   1.0000000000000000E-003
   735.80752434329054      ,  0.99300000000000077      ,   6.0000000000000019E-003 ,   0.0000000000000000      ,   1.0000000000000000E-003
   758.35967133946292      ,  0.99250000000000083      ,   6.5000000000000023E-003 ,   0.0000000000000000      ,   1.0000000000000000E-003
   769.66060483650745      ,  0.99200000000000088      ,   7.0000000000000027E-003 ,   0.0000000000000000      ,   1.0000000000000000E-003
   777.09076264215491      ,  0.99150000000000094      ,   7.5000000000000032E-003 ,   0.0000000000000000      ,   1.0000000000000000E-003
   824.21203513188857      ,  0.99100000000000099      ,   8.0000000000000036E-003 ,   0.0000000000000000      ,   1.0000000000000000E-003
   830.07546583910414      ,  0.99050000000000105      ,   8.5000000000000041E-003 ,   0.0000000000000000      ,   1.0000000000000000E-003
   831.61977862729577      ,  0.99000000000000110      ,   9.0000000000000045E-003 ,   0.0000000000000000      ,   1.0000000000000000E-003
   836.49663688002795      ,  0.98950000000000116      ,   9.0000000000000045E-003 ,   0.0000000000000000      ,   1.5000000000000000E-003
   840.95571616127347      ,  0.98900000000000121      ,   9.5000000000000050E-003 ,   0.0000000000000000      ,   1.5000000000000000E-003
   843.51439086773985      ,  0.98850000000000127      ,   1.0000000000000005E-002 ,   0.0000000000000000      ,   1.5000000000000000E-003
   845.04927930314784      ,  0.98800000000000132      ,   1.0500000000000006E-002 ,   0.0000000000000000      ,   1.5000000000000000E-003
   849.50958213417414      ,  0.98750000000000138      ,   1.1000000000000006E-002 ,   0.0000000000000000      ,   1.5000000000000000E-003
   873.82590314349727      ,  0.98650000000000149      ,   1.2000000000000007E-002 ,   0.0000000000000000      ,   1.5000000000000000E-003
   875.03514503906206      ,  0.98600000000000154      ,   1.2500000000000008E-002 ,   0.0000000000000000      ,   1.5000000000000000E-003
   877.28123154582920      ,  0.98550000000000160      ,   1.3000000000000008E-002 ,   0.0000000000000000      ,   1.5000000000000000E-003
   881.77816242782626      ,  0.98500000000000165      ,   1.3500000000000009E-002 ,   0.0000000000000000      ,   1.5000000000000000E-003
   883.53148214894429      ,  0.98450000000000171      ,   1.4000000000000009E-002 ,   0.0000000000000000      ,   1.5000000000000000E-003
   893.38255175838492      ,  0.98400000000000176      ,   1.4500000000000009E-002 ,   0.0000000000000000      ,   1.5000000000000000E-003
   911.11547134241061      ,  0.98350000000000182      ,   1.5000000000000010E-002 ,   0.0000000000000000      ,   1.5000000000000000E-003
   915.27225511054951      ,  0.98300000000000187      ,   1.5500000000000010E-002 ,   0.0000000000000000      ,   1.5000000000000000E-003
   932.21765354893978      ,  0.98250000000000193      ,   1.5500000000000010E-002 ,   0.0000000000000000      ,   2.0000000000000000E-003
   934.37268260759083      ,  0.98200000000000198      ,   1.6000000000000011E-002 ,   0.0000000000000000      ,   2.0000000000000000E-003
   938.35946683697671      ,  0.98150000000000204      ,   1.6500000000000011E-002 ,   0.0000000000000000      ,   2.0000000000000000E-003
   940.68944702083866      ,  0.98100000000000209      ,   1.7000000000000012E-002 ,   0.0000000000000000      ,   2.0000000000000000E-003
   942.35949480988438      ,  0.98050000000000215      ,   1.7500000000000012E-002 ,   0.0000000000000000      ,   2.0000000000000000E-003
   944.26805565679342      ,  0.98000000000000220      ,   1.8000000000000013E-002 ,   0.0000000000000000      ,   2.0000000000000000E-003
   950.84554458484172      ,  0.97950000000000226      ,   1.8500000000000013E-002 ,   0.0000000000000000      ,   2.0000000000000000E-003
   954.07971452149661      ,  0.97900000000000231      ,   1.9000000000000013E-002 ,   0.0000000000000000      ,   2.0000000000000000E-003
   958.24487427348436      ,  0.97800000000000242      ,   2.0000000000000014E-002 ,   0.0000000000000000      ,   2.0000000000000000E-003
   959.47082708000812      ,  0.97750000000000248      ,   2.0500000000000015E-002 ,   0.0000000000000000      ,   2.0000000000000000E-003
   969.65795366843713      ,  0.97700000000000253      ,   2.1000000000000015E-002 ,   0.0000000000000000      ,   2.0000000000000000E-003
   972.98769925902275      ,  0.97650000000000259      ,   2.1500000000000016E-002 ,   0.0000000000000000      ,   2.0000000000000000E-003
   979.48603774418575      ,  0.97600000000000264      ,   2.2000000000000016E-002 ,   0.0000000000000000      ,   2.0000000000000000E-003
   982.87765222578764      ,  0.97550000000000270      ,   2.2000000000000016E-002 ,   0.0000000000000000      ,   2.5000000000000001E-003
   984.13587021273338      ,  0.97500000000000275      ,   2.2000000000000016E-002 ,   0.0000000000000000      ,   3.0000000000000001E-003
   986.71492870733641      ,  0.97450000000000281      ,   2.2500000000000017E-002 ,   0.0000000000000000      ,   3.0000000000000001E-003
   988.33834998593898      ,  0.97350000000000292      ,   2.3500000000000017E-002 ,   0.0000000000000000      ,   3.0000000000000001E-003
   1007.3052692245247      ,  0.97250000000000303      ,   2.4000000000000018E-002 ,   0.0000000000000000      ,   3.5000000000000001E-003
   1009.2931880117010      ,  0.97200000000000308      ,   2.4500000000000018E-002 ,   0.0000000000000000      ,   3.5000000000000001E-003
   1012.0059735951694      ,  0.97150000000000314      ,   2.5000000000000019E-002 ,   0.0000000000000000      ,   3.5000000000000001E-003
   1014.6127865870060      ,  0.97050000000000325      ,   2.6000000000000020E-002 ,   0.0000000000000000      ,   3.5000000000000001E-003
   1016.5675890536191      ,  0.97000000000000330      ,   2.6000000000000020E-002 ,   0.0000000000000000      ,   4.0000000000000001E-003
   1020.4598333972830      ,  0.96900000000000341      ,   2.7000000000000021E-002 ,   0.0000000000000000      ,   4.0000000000000001E-003
   1022.2831520786917      ,  0.96850000000000347      ,   2.7500000000000021E-002 ,   0.0000000000000000      ,   4.0000000000000001E-003
   1025.7994264760289      ,  0.96800000000000352      ,   2.7500000000000021E-002 ,   0.0000000000000000      ,   4.5000000000000005E-003
   1033.5584898376089      ,  0.96750000000000358      ,   2.8000000000000021E-002 ,   0.0000000000000000      ,   4.5000000000000005E-003
   1035.8954971448159      ,  0.96650000000000369      ,   2.9000000000000022E-002 ,   0.0000000000000000      ,   4.5000000000000005E-003
   1038.0742447934595      ,  0.96600000000000374      ,   2.9500000000000023E-002 ,   0.0000000000000000      ,   4.5000000000000005E-003
   1042.2652762190862      ,  0.96550000000000380      ,   3.0000000000000023E-002 ,   0.0000000000000000      ,   4.5000000000000005E-003
   1048.7512262549569      ,  0.96500000000000385      ,   3.0500000000000024E-002 ,   0.0000000000000000      ,   4.5000000000000005E-003
   1053.7100156501820      ,  0.96300000000000407      ,   3.2000000000000021E-002 ,   0.0000000000000000      ,   5.0000000000000010E-003
   1058.3615443314386      ,  0.96250000000000413      ,   3.2500000000000022E-002 ,   0.0000000000000000      ,   5.0000000000000010E-003
   1061.5034585797671      ,  0.96200000000000419      ,   3.3000000000000022E-002 ,   0.0000000000000000      ,   5.0000000000000010E-003
   1066.2686542108975      ,  0.96150000000000424      ,   3.3500000000000023E-002 ,   0.0000000000000000      ,   5.0000000000000010E-003
   1070.3694532464810      ,  0.96100000000000430      ,   3.3500000000000023E-002 ,   0.0000000000000000      ,   5.5000000000000014E-003
   1072.2174457432400      ,  0.96050000000000435      ,   3.4000000000000023E-002 ,   0.0000000000000000      ,   5.5000000000000014E-003
   1075.7886539524438      ,  0.96000000000000441      ,   3.4500000000000024E-002 ,   0.0000000000000000      ,   5.5000000000000014E-003
   1080.7554755465062      ,  0.95950000000000446      ,   3.5000000000000024E-002 ,   0.0000000000000000      ,   5.5000000000000014E-003
   1081.7879768674109      ,  0.95900000000000452      ,   3.5500000000000025E-002 ,   0.0000000000000000      ,   5.5000000000000014E-003
   1085.5576573968935      ,  0.95900000000000452      ,   3.5000000000000024E-002 ,   5.0000000000000001E-004 ,   5.5000000000000014E-003
   1091.4458228973942      ,  0.95850000000000457      ,   3.5500000000000025E-002 ,   5.0000000000000001E-004 ,   5.5000000000000014E-003
   1092.6123739486065      ,  0.95800000000000463      ,   3.6000000000000025E-002 ,   5.0000000000000001E-004 ,   5.5000000000000014E-003
   1095.0468219022744      ,  0.95750000000000468      ,   3.6500000000000025E-002 ,   5.0000000000000001E-004 ,   5.5000000000000014E-003
   1096.1410077064841      ,  0.95700000000000474      ,   3.7000000000000026E-002 ,   5.0000000000000001E-004 ,   5.5000000000000014E-003
   1098.4942784977754      ,  0.95600000000000485      ,   3.7500000000000026E-002 ,   5.0000000000000001E-004 ,   6.0000000000000019E-003
   1103.1827156503666      ,  0.95450000000000501      ,   3.9000000000000028E-002 ,   5.0000000000000001E-004 ,   6.0000000000000019E-003
   1104.3552519235413      ,  0.95400000000000507      ,   3.9000000000000028E-002 ,   5.0000000000000001E-004 ,   6.5000000000000023E-003
   1106.1491026342405      ,  0.95250000000000523      ,   4.0000000000000029E-002 ,   5.0000000000000001E-004 ,   7.0000000000000027E-003
   1109.2154685737905      ,  0.95200000000000529      ,   4.0500000000000029E-002 ,   5.0000000000000001E-004 ,   7.0000000000000027E-003
   1110.5751126405225      ,  0.95150000000000534      ,   4.1000000000000029E-002 ,   5.0000000000000001E-004 ,   7.0000000000000027E-003
   1119.0675898259535      ,  0.95100000000000540      ,   4.1000000000000029E-002 ,   5.0000000000000001E-004 ,   7.5000000000000032E-003
   1125.9222171008519      ,  0.95000000000000551      ,   4.2000000000000030E-002 ,   5.0000000000000001E-004 ,   7.5000000000000032E-003
   1128.1846842678501      ,  0.94900000000000562      ,   4.2500000000000031E-002 ,   5.0000000000000001E-004 ,   8.0000000000000036E-003
   1129.2140967653722      ,  0.94850000000000567      ,   4.3000000000000031E-002 ,   5.0000000000000001E-004 ,   8.0000000000000036E-003
   1131.8863850807088      ,  0.94800000000000573      ,   4.3500000000000032E-002 ,   5.0000000000000001E-004 ,   8.0000000000000036E-003
   1135.0873380483545      ,  0.94700000000000584      ,   4.3500000000000032E-002 ,   1.0000000000000000E-003 ,   8.5000000000000041E-003
   1136.5175714975289      ,  0.94650000000000589      ,   4.4000000000000032E-002 ,   1.0000000000000000E-003 ,   8.5000000000000041E-003
   1139.3348384353626      ,  0.94600000000000595      ,   4.4500000000000033E-002 ,   1.0000000000000000E-003 ,   8.5000000000000041E-003
   1143.8503247574799      ,  0.94550000000000600      ,   4.5000000000000033E-002 ,   1.0000000000000000E-003 ,   8.5000000000000041E-003
   1145.4646712918502      ,  0.94500000000000606      ,   4.5500000000000033E-002 ,   1.0000000000000000E-003 ,   8.5000000000000041E-003
   1147.6904581852102      ,  0.94400000000000617      ,   4.6500000000000034E-002 ,   1.0000000000000000E-003 ,   8.5000000000000041E-003
   1151.2859033223133      ,  0.94350000000000622      ,   4.7000000000000035E-002 ,   1.0000000000000000E-003 ,   8.5000000000000041E-003
   1154.1219742360695      ,  0.94300000000000628      ,   4.7500000000000035E-002 ,   1.0000000000000000E-003 ,   8.5000000000000041E-003
   1159.8643468963958      ,  0.94250000000000633      ,   4.8000000000000036E-002 ,   1.0000000000000000E-003 ,   8.5000000000000041E-003
   1163.7723006473079      ,  0.94200000000000639      ,   4.8500000000000036E-002 ,   1.0000000000000000E-003 ,   8.5000000000000041E-003
   1164.8686161935343      ,  0.94150000000000644      ,   4.8500000000000036E-002 ,   1.0000000000000000E-003 ,   9.0000000000000045E-003
   1172.7943027849069      ,  0.94050000000000655      ,   4.9500000000000037E-002 ,   1.0000000000000000E-003 ,   9.0000000000000045E-003
   1174.4973661561260      ,  0.94000000000000661      ,   4.9500000000000037E-002 ,   1.0000000000000000E-003 ,   9.5000000000000050E-003
   1182.4276210742919      ,  0.93950000000000666      ,   4.9500000000000037E-002 ,   1.0000000000000000E-003 ,   1.0000000000000005E-002
   1184.8163331938863      ,  0.93950000000000666      ,   4.9000000000000037E-002 ,   1.0000000000000000E-003 ,   1.0500000000000006E-002
   1186.1265208976231      ,  0.93900000000000672      ,   4.9000000000000037E-002 ,   1.0000000000000000E-003 ,   1.1000000000000006E-002
   1188.4073669352563      ,  0.93850000000000677      ,   4.9500000000000037E-002 ,   1.0000000000000000E-003 ,   1.1000000000000006E-002
   1190.0638228129503      ,  0.93750000000000688      ,   5.0000000000000037E-002 ,   1.0000000000000000E-003 ,   1.1500000000000007E-002
   1192.7752307754738      ,  0.93750000000000688      ,   4.9500000000000037E-002 ,   1.0000000000000000E-003 ,   1.2000000000000007E-002
   1195.0017437065933      ,  0.93650000000000699      ,   5.0500000000000038E-002 ,   1.0000000000000000E-003 ,   1.2000000000000007E-002
   1198.2694878007392      ,  0.93600000000000705      ,   5.1000000000000038E-002 ,   1.0000000000000000E-003 ,   1.2000000000000007E-002
   1199.9447312641089      ,  0.93550000000000710      ,   5.1500000000000039E-002 ,   1.0000000000000000E-003 ,   1.2000000000000007E-002
   1201.6217658734140      ,  0.93500000000000716      ,   5.2000000000000039E-002 ,   1.0000000000000000E-003 ,   1.2000000000000007E-002
   1204.1343269621966      ,  0.93400000000000727      ,   5.2000000000000039E-002 ,   1.0000000000000000E-003 ,   1.3000000000000008E-002
   1205.4447160247184      ,  0.93350000000000732      ,   5.2500000000000040E-002 ,   1.0000000000000000E-003 ,   1.3000000000000008E-002
   1206.6037700344755      ,  0.93300000000000738      ,   5.3000000000000040E-002 ,   1.0000000000000000E-003 ,   1.3000000000000008E-002
   1209.5073980197287      ,  0.93200000000000749      ,   5.4000000000000041E-002 ,   1.0000000000000000E-003 ,   1.3000000000000008E-002
   1212.1772017845130      ,  0.93150000000000754      ,   5.4500000000000041E-002 ,   1.0000000000000000E-003 ,   1.3000000000000008E-002
   1215.3895645368571      ,  0.93100000000000760      ,   5.4500000000000041E-002 ,   1.0000000000000000E-003 ,   1.3500000000000009E-002
   1217.9781001511171      ,  0.93000000000000771      ,   5.5000000000000042E-002 ,   1.5000000000000000E-003 ,   1.3500000000000009E-002
   1221.3308442354605      ,  0.92950000000000776      ,   5.5500000000000042E-002 ,   1.5000000000000000E-003 ,   1.3500000000000009E-002
   1222.6563550810508      ,  0.92900000000000782      ,   5.6000000000000043E-002 ,   1.5000000000000000E-003 ,   1.3500000000000009E-002
   1224.5287993165823      ,  0.92850000000000787      ,   5.6000000000000043E-002 ,   1.5000000000000000E-003 ,   1.4000000000000009E-002
   1227.2671810208433      ,  0.92750000000000798      ,   5.7000000000000044E-002 ,   1.5000000000000000E-003 ,   1.4000000000000009E-002
   1234.8419537761959      ,  0.92700000000000804      ,   5.7500000000000044E-002 ,   1.5000000000000000E-003 ,   1.4000000000000009E-002
   1244.0663112070247      ,  0.92700000000000804      ,   5.7000000000000044E-002 ,   2.0000000000000000E-003 ,   1.4000000000000009E-002
   1245.6197111782114      ,  0.92650000000000809      ,   5.6500000000000043E-002 ,   2.5000000000000001E-003 ,   1.4500000000000009E-002
   1246.7454706195829      ,  0.92550000000000820      ,   5.7500000000000044E-002 ,   2.5000000000000001E-003 ,   1.4500000000000009E-002
   1248.0217989432317      ,  0.92500000000000826      ,   5.7500000000000044E-002 ,   3.0000000000000001E-003 ,   1.4500000000000009E-002
   1249.2180418357921      ,  0.92450000000000832      ,   5.8000000000000045E-002 ,   3.0000000000000001E-003 ,   1.4500000000000009E-002
   1250.4705496077931      ,  0.92400000000000837      ,   5.8500000000000045E-002 ,   3.0000000000000001E-003 ,   1.4500000000000009E-002
   1255.0365052537195      ,  0.92350000000000843      ,   5.9000000000000045E-002 ,   3.0000000000000001E-003 ,   1.4500000000000009E-002
   1259.8525689772853      ,  0.92300000000000848      ,   5.9000000000000045E-002 ,   3.0000000000000001E-003 ,   1.5000000000000010E-002
   1261.2558193904940      ,  0.92250000000000854      ,   5.9000000000000045E-002 ,   3.0000000000000001E-003 ,   1.5500000000000010E-002
   1264.3127643908624      ,  0.92150000000000865      ,   5.9500000000000046E-002 ,   3.0000000000000001E-003 ,   1.6000000000000011E-002
   1270.3050769086501      ,  0.92050000000000876      ,   6.0500000000000047E-002 ,   3.0000000000000001E-003 ,   1.6000000000000011E-002
   1271.7199270481776      ,  0.91950000000000887      ,   6.1500000000000048E-002 ,   3.0000000000000001E-003 ,   1.6000000000000011E-002
   1274.4372124042675      ,  0.91900000000000892      ,   6.2000000000000048E-002 ,   3.0000000000000001E-003 ,   1.6000000000000011E-002
   1275.8392975148074      ,  0.91800000000000903      ,   6.2500000000000042E-002 ,   3.0000000000000001E-003 ,   1.6500000000000011E-002
   1277.4209643033291      ,  0.91700000000000914      ,   6.3500000000000043E-002 ,   3.0000000000000001E-003 ,   1.6500000000000011E-002
   1278.4927389590550      ,  0.91650000000000920      ,   6.3500000000000043E-002 ,   3.0000000000000001E-003 ,   1.7000000000000012E-002
   1280.5930727677542      ,  0.91550000000000931      ,   6.4500000000000043E-002 ,   3.0000000000000001E-003 ,   1.7000000000000012E-002
   1282.0676474496652      ,  0.91500000000000936      ,   6.4500000000000043E-002 ,   3.0000000000000001E-003 ,   1.7500000000000012E-002
   1286.3201776330977      ,  0.91350000000000953      ,   6.6000000000000045E-002 ,   3.0000000000000001E-003 ,   1.7500000000000012E-002
   1287.3579696010142      ,  0.91300000000000958      ,   6.6500000000000045E-002 ,   3.0000000000000001E-003 ,   1.7500000000000012E-002
   1288.6536375517912      ,  0.91200000000000969      ,   6.7500000000000046E-002 ,   3.0000000000000001E-003 ,   1.7500000000000012E-002
   1289.6741203865449      ,  0.91150000000000975      ,   6.8000000000000047E-002 ,   3.0000000000000001E-003 ,   1.7500000000000012E-002
   1291.4362083067094      ,  0.91000000000000991      ,   6.9000000000000047E-002 ,   3.0000000000000001E-003 ,   1.8000000000000013E-002
   1294.8858759235627      ,  0.90950000000000997      ,   6.9500000000000048E-002 ,   3.0000000000000001E-003 ,   1.8000000000000013E-002
   1297.8739579668945      ,  0.90850000000001008      ,   7.0500000000000049E-002 ,   3.0000000000000001E-003 ,   1.8000000000000013E-002
   1299.8487655371641      ,  0.90800000000001013      ,   7.1000000000000049E-002 ,   3.0000000000000001E-003 ,   1.8000000000000013E-002
   1301.5830142996581      ,  0.90750000000001019      ,   7.1500000000000050E-002 ,   3.0000000000000001E-003 ,   1.8000000000000013E-002
   1307.7484737082530      ,  0.90600000000001035      ,   7.2500000000000051E-002 ,   3.0000000000000001E-003 ,   1.8500000000000013E-002
   1308.8825414295477      ,  0.90550000000001041      ,   7.3000000000000051E-002 ,   3.0000000000000001E-003 ,   1.8500000000000013E-002
   1310.1889537765705      ,  0.90450000000001052      ,   7.4000000000000052E-002 ,   3.0000000000000001E-003 ,   1.8500000000000013E-002
   1311.3391179563557      ,  0.90450000000001052      ,   7.3500000000000051E-002 ,   3.0000000000000001E-003 ,   1.9000000000000013E-002
   1312.8150598816969      ,  0.90350000000001063      ,   7.4000000000000052E-002 ,   3.0000000000000001E-003 ,   1.9500000000000014E-002
   1315.7882922072338      ,  0.90300000000001068      ,   7.4500000000000052E-002 ,   3.0000000000000001E-003 ,   1.9500000000000014E-002
   1320.3317661371386      ,  0.90250000000001074      ,   7.5000000000000053E-002 ,   3.0000000000000001E-003 ,   1.9500000000000014E-002
   1322.0602187217646      ,  0.90150000000001085      ,   7.5500000000000053E-002 ,   3.0000000000000001E-003 ,   2.0000000000000014E-002
   1325.1421869960459      ,  0.90050000000001096      ,   7.6500000000000054E-002 ,   3.0000000000000001E-003 ,   2.0000000000000014E-002
   1326.5348954821493      ,  0.90000000000001101      ,   7.7000000000000055E-002 ,   3.0000000000000001E-003 ,   2.0000000000000014E-002
   1328.8900914548410      ,  0.89850000000001118      ,   7.7500000000000055E-002 ,   3.0000000000000001E-003 ,   2.1000000000000015E-002
   1331.1933447494800      ,  0.89800000000001123      ,   7.7500000000000055E-002 ,   3.0000000000000001E-003 ,   2.1500000000000016E-002
   1332.3829905378550      ,  0.89750000000001129      ,   7.8000000000000055E-002 ,   3.0000000000000001E-003 ,   2.1500000000000016E-002
   1333.7234746750300      ,  0.89700000000001134      ,   7.8000000000000055E-002 ,   3.0000000000000001E-003 ,   2.2000000000000016E-002
   1335.1819641761565      ,  0.89550000000001151      ,   7.9000000000000056E-002 ,   3.0000000000000001E-003 ,   2.2500000000000017E-002
   1336.4896281209039      ,  0.89450000000001162      ,   7.9000000000000056E-002 ,   3.0000000000000001E-003 ,   2.3500000000000017E-002
   1337.5695086147725      ,  0.89350000000001173      ,   7.9500000000000057E-002 ,   3.0000000000000001E-003 ,   2.4000000000000018E-002
   1338.8739760806850      ,  0.89300000000001178      ,   8.0000000000000057E-002 ,   3.0000000000000001E-003 ,   2.4000000000000018E-002
   1341.6793364352372      ,  0.89250000000001184      ,   7.9500000000000057E-002 ,   3.5000000000000001E-003 ,   2.4500000000000018E-002
   1346.4906965985751      ,  0.89200000000001189      ,   8.0000000000000057E-002 ,   3.5000000000000001E-003 ,   2.4500000000000018E-002
   1348.4094720612095      ,  0.89100000000001200      ,   8.1000000000000058E-002 ,   3.5000000000000001E-003 ,   2.4500000000000018E-002
   1349.4503181766092      ,  0.89000000000001211      ,   8.1500000000000059E-002 ,   3.5000000000000001E-003 ,   2.5000000000000019E-002
   1350.5475056208190      ,  0.88950000000001217      ,   8.1500000000000059E-002 ,   3.5000000000000001E-003 ,   2.5500000000000019E-002
   1354.2183567280620      ,  0.88900000000001222      ,   8.2000000000000059E-002 ,   3.5000000000000001E-003 ,   2.5500000000000019E-002
   1355.3165671916502      ,  0.88700000000001245      ,   8.3000000000000060E-002 ,   3.5000000000000001E-003 ,   2.6500000000000020E-002
   1356.4305683142670      ,  0.88600000000001256      ,   8.3500000000000060E-002 ,   3.5000000000000001E-003 ,   2.7000000000000021E-002
   1357.9835363476100      ,  0.88550000000001261      ,   8.4000000000000061E-002 ,   3.5000000000000001E-003 ,   2.7000000000000021E-002
   1361.3176107972108      ,  0.88500000000001267      ,   8.4000000000000061E-002 ,   3.5000000000000001E-003 ,   2.7500000000000021E-002
   1363.2877401990086      ,  0.88400000000001278      ,   8.5000000000000062E-002 ,   3.5000000000000001E-003 ,   2.7500000000000021E-002
   1365.1107835106304      ,  0.88300000000001289      ,   8.6000000000000063E-002 ,   3.5000000000000001E-003 ,   2.7500000000000021E-002
   1366.1976203382624      ,  0.88150000000001305      ,   8.7500000000000064E-002 ,   3.5000000000000001E-003 ,   2.7500000000000021E-002
   1367.2779395313871      ,  0.88050000000001316      ,   8.8000000000000064E-002 ,   3.5000000000000001E-003 ,   2.8000000000000021E-002
   1370.0554464605368      ,  0.87900000000001333      ,   8.9000000000000065E-002 ,   3.5000000000000001E-003 ,   2.8500000000000022E-002
   1372.1355713917578      ,  0.87700000000001355      ,   9.0500000000000067E-002 ,   3.5000000000000001E-003 ,   2.9000000000000022E-002
   1374.1422600132637      ,  0.87600000000001366      ,   9.1000000000000067E-002 ,   3.5000000000000001E-003 ,   2.9500000000000023E-002
   1377.0791489583196      ,  0.87550000000001371      ,   9.1500000000000067E-002 ,   3.5000000000000001E-003 ,   2.9500000000000023E-002
   1379.0228154792453      ,  0.87400000000001388      ,   9.3000000000000069E-002 ,   3.5000000000000001E-003 ,   2.9500000000000023E-002
   1380.2417562251371      ,  0.87350000000001393      ,   9.3500000000000069E-002 ,   3.5000000000000001E-003 ,   2.9500000000000023E-002
   1381.2532070623138      ,  0.87300000000001399      ,   9.4000000000000070E-002 ,   3.5000000000000001E-003 ,   2.9500000000000023E-002
   1382.5827017139402      ,  0.87150000000001415      ,   9.5500000000000071E-002 ,   3.5000000000000001E-003 ,   2.9500000000000023E-002
   1384.8487677011797      ,  0.87050000000001426      ,   9.6000000000000071E-002 ,   3.5000000000000001E-003 ,   3.0000000000000023E-002
   1386.6012191207512      ,  0.86950000000001437      ,   9.7000000000000072E-002 ,   3.5000000000000001E-003 ,   3.0000000000000023E-002
   1387.6209796021765      ,  0.86900000000001443      ,   9.7500000000000073E-002 ,   3.5000000000000001E-003 ,   3.0000000000000023E-002
   1389.7981359619491      ,  0.86800000000001454      ,   9.8500000000000074E-002 ,   3.5000000000000001E-003 ,   3.0000000000000023E-002
   1391.0559914650439      ,  0.86700000000001465      ,   9.9500000000000074E-002 ,   3.5000000000000001E-003 ,   3.0000000000000023E-002
   1393.1965097342036      ,  0.86600000000001476      ,  0.10000000000000007      ,   3.5000000000000001E-003 ,   3.0500000000000024E-002
   1397.6277165752995      ,  0.86500000000001487      ,  0.10050000000000008      ,   3.5000000000000001E-003 ,   3.1000000000000024E-002
   1400.2316754741648      ,  0.86400000000001498      ,  0.10050000000000008      ,   4.0000000000000001E-003 ,   3.1500000000000021E-002
   1402.3466806531710      ,  0.86250000000001514      ,  0.10100000000000008      ,   4.0000000000000001E-003 ,   3.2500000000000022E-002
   1403.5950240353045      ,  0.86200000000001520      ,  0.10100000000000008      ,   4.5000000000000005E-003 ,   3.2500000000000022E-002
   1404.6349991755194      ,  0.86100000000001531      ,  0.10150000000000008      ,   4.5000000000000005E-003 ,   3.3000000000000022E-002
   1405.7626165354225      ,  0.86050000000001536      ,  0.10150000000000008      ,   4.5000000000000005E-003 ,   3.3500000000000023E-002
   1410.2275977655156      ,  0.86000000000001542      ,  0.10150000000000008      ,   4.5000000000000005E-003 ,   3.4000000000000023E-002
   1411.4202431316601      ,  0.85900000000001553      ,  0.10250000000000008      ,   4.5000000000000005E-003 ,   3.4000000000000023E-002
   1412.7063747499949      ,  0.85850000000001558      ,  0.10300000000000008      ,   4.5000000000000005E-003 ,   3.4000000000000023E-002
   1413.7879689723679      ,  0.85750000000001569      ,  0.10400000000000008      ,   4.5000000000000005E-003 ,   3.4000000000000023E-002
   1414.9942473213446      ,  0.85700000000001575      ,  0.10450000000000008      ,   4.5000000000000005E-003 ,   3.4000000000000023E-002
   1415.9986483683181      ,  0.85550000000001591      ,  0.10600000000000008      ,   4.5000000000000005E-003 ,   3.4000000000000023E-002
   1417.3850370243167      ,  0.85500000000001597      ,  0.10600000000000008      ,   5.0000000000000010E-003 ,   3.4000000000000023E-002
   1418.3975597470831      ,  0.85400000000001608      ,  0.10700000000000008      ,   5.0000000000000010E-003 ,   3.4000000000000023E-002
   1420.4841055468191      ,  0.85350000000001613      ,  0.10750000000000008      ,   5.0000000000000010E-003 ,   3.4000000000000023E-002
   1421.8029173941750      ,  0.85250000000001624      ,  0.10800000000000008      ,   5.0000000000000010E-003 ,   3.4500000000000024E-002
   1424.3356245349421      ,  0.85200000000001630      ,  0.10850000000000008      ,   5.0000000000000010E-003 ,   3.4500000000000024E-002
   1425.4160491545135      ,  0.85150000000001635      ,  0.10900000000000008      ,   5.0000000000000010E-003 ,   3.4500000000000024E-002
   1427.2417707871496      ,  0.85100000000001641      ,  0.10950000000000008      ,   5.0000000000000010E-003 ,   3.4500000000000024E-002
   1428.9695293824029      ,  0.85050000000001647      ,  0.10950000000000008      ,   5.0000000000000010E-003 ,   3.5000000000000024E-002
   1430.4703567077934      ,  0.84900000000001663      ,  0.11100000000000008      ,   5.0000000000000010E-003 ,   3.5000000000000024E-002
   1432.7029599579225      ,  0.84850000000001669      ,  0.11050000000000008      ,   5.0000000000000010E-003 ,   3.6000000000000025E-002
   1434.8485186084258      ,  0.84750000000001680      ,  0.11150000000000009      ,   5.0000000000000010E-003 ,   3.6000000000000025E-002
   1436.1464602434166      ,  0.84700000000001685      ,  0.11200000000000009      ,   5.0000000000000010E-003 ,   3.6000000000000025E-002
   1437.2028776044669      ,  0.84700000000001685      ,  0.11150000000000009      ,   5.0000000000000010E-003 ,   3.6500000000000025E-002
   1439.1311183044029      ,  0.84600000000001696      ,  0.11250000000000009      ,   5.0000000000000010E-003 ,   3.6500000000000025E-002
   1440.7353621728141      ,  0.84500000000001707      ,  0.11300000000000009      ,   5.0000000000000010E-003 ,   3.7000000000000026E-002
   1444.0072932781532      ,  0.84450000000001713      ,  0.11350000000000009      ,   5.0000000000000010E-003 ,   3.7000000000000026E-002
   1446.1741877761981      ,  0.84250000000001735      ,  0.11450000000000009      ,   5.0000000000000010E-003 ,   3.8000000000000027E-002
   1447.4849144443820      ,  0.84050000000001757      ,  0.11600000000000009      ,   5.0000000000000010E-003 ,   3.8500000000000027E-002
   1448.7752172785392      ,  0.84000000000001762      ,  0.11650000000000009      ,   5.0000000000000010E-003 ,   3.8500000000000027E-002
   1451.7188836478467      ,  0.83900000000001773      ,  0.11650000000000009      ,   5.0000000000000010E-003 ,   3.9500000000000028E-002
   1454.3484505437295      ,  0.83750000000001790      ,  0.11850000000000009      ,   4.5000000000000005E-003 ,   3.9500000000000028E-002
   1455.3564092844299      ,  0.83750000000001790      ,  0.11800000000000009      ,   4.5000000000000005E-003 ,   4.0000000000000029E-002
   1458.1205624927270      ,  0.83600000000001806      ,  0.11950000000000009      ,   4.5000000000000005E-003 ,   4.0000000000000029E-002
   1459.6744393567008      ,  0.83550000000001812      ,  0.12000000000000009      ,   4.5000000000000005E-003 ,   4.0000000000000029E-002
   1461.5133560795171      ,  0.83400000000001828      ,  0.12150000000000009      ,   4.5000000000000005E-003 ,   4.0000000000000029E-002
   1462.7195385486480      ,  0.83250000000001845      ,  0.12200000000000009      ,   4.5000000000000005E-003 ,   4.1000000000000029E-002
   1463.9085885508428      ,  0.83100000000001861      ,  0.12350000000000010      ,   4.5000000000000005E-003 ,   4.1000000000000029E-002
   1465.1193491669865      ,  0.83000000000001872      ,  0.12450000000000010      ,   4.5000000000000005E-003 ,   4.1000000000000029E-002
   1466.9258580078383      ,  0.82850000000001889      ,  0.12550000000000008      ,   4.5000000000000005E-003 ,   4.1500000000000030E-002
   1467.9458791250515      ,  0.82600000000001916      ,  0.12800000000000009      ,   4.5000000000000005E-003 ,   4.1500000000000030E-002
   1469.1355299927595      ,  0.82550000000001922      ,  0.12800000000000009      ,   4.5000000000000005E-003 ,   4.2000000000000030E-002
   1470.3015451898691      ,  0.82500000000001927      ,  0.12850000000000009      ,   4.5000000000000005E-003 ,   4.2000000000000030E-002
   1472.2486438896574      ,  0.82400000000001938      ,  0.12850000000000009      ,   5.0000000000000010E-003 ,   4.2500000000000031E-002
   1474.5448245659959      ,  0.82350000000001944      ,  0.12850000000000009      ,   5.5000000000000014E-003 ,   4.2500000000000031E-002
   1476.4501523271847      ,  0.82300000000001949      ,  0.12850000000000009      ,   5.5000000000000014E-003 ,   4.3000000000000031E-002
   1478.4818282688882      ,  0.82200000000001960      ,  0.12900000000000009      ,   5.5000000000000014E-003 ,   4.3500000000000032E-002
   1480.6091598816240      ,  0.82100000000001971      ,  0.13000000000000009      ,   5.5000000000000014E-003 ,   4.3500000000000032E-002
   1483.0608916895198      ,  0.82050000000001977      ,  0.13050000000000009      ,   5.5000000000000014E-003 ,   4.3500000000000032E-002
   1484.4941983833385      ,  0.82000000000001982      ,  0.13000000000000009      ,   6.0000000000000019E-003 ,   4.4000000000000032E-002
   1485.6298442640868      ,  0.81900000000001993      ,  0.13100000000000009      ,   6.0000000000000019E-003 ,   4.4000000000000032E-002
   1487.7283204241187      ,  0.81800000000002004      ,  0.13200000000000009      ,   6.0000000000000019E-003 ,   4.4000000000000032E-002
   1490.1266449371549      ,  0.81650000000002021      ,  0.13250000000000009      ,   6.0000000000000019E-003 ,   4.5000000000000033E-002
   1491.5803348122502      ,  0.81550000000002032      ,  0.13350000000000009      ,   6.0000000000000019E-003 ,   4.5000000000000033E-002
   1493.3372521079796      ,  0.81450000000002043      ,  0.13450000000000009      ,   6.0000000000000019E-003 ,   4.5000000000000033E-002
   1494.3805663701137      ,  0.81350000000002054      ,  0.13450000000000009      ,   6.0000000000000019E-003 ,   4.6000000000000034E-002
   1495.7415878788127      ,  0.81200000000002071      ,  0.13550000000000009      ,   6.0000000000000019E-003 ,   4.6500000000000034E-002
   1497.0302526268840      ,  0.81000000000002093      ,  0.13750000000000009      ,   6.0000000000000019E-003 ,   4.6500000000000034E-002
   1498.3399197496294      ,  0.80850000000002109      ,  0.13850000000000010      ,   6.0000000000000019E-003 ,   4.7000000000000035E-002
   1499.4410517663187      ,  0.80750000000002120      ,  0.13900000000000010      ,   6.0000000000000019E-003 ,   4.7500000000000035E-002
   1502.3375101362431      ,  0.80700000000002126      ,  0.13950000000000010      ,   6.0000000000000019E-003 ,   4.7500000000000035E-002
   1503.5951434635099      ,  0.80600000000002137      ,  0.14000000000000010      ,   6.5000000000000023E-003 ,   4.7500000000000035E-002
   1504.8529297225898      ,  0.80550000000002142      ,  0.14100000000000010      ,   6.0000000000000019E-003 ,   4.7500000000000035E-002
   1506.4034314757821      ,  0.80450000000002153      ,  0.14150000000000010      ,   6.0000000000000019E-003 ,   4.8000000000000036E-002
   1507.5365219965581      ,  0.80400000000002159      ,  0.14200000000000010      ,   6.0000000000000019E-003 ,   4.8000000000000036E-002
   1510.5931437712834      ,  0.80300000000002170      ,  0.14250000000000010      ,   6.5000000000000023E-003 ,   4.8000000000000036E-002
   1512.5010181269834      ,  0.80250000000002175      ,  0.14300000000000010      ,   6.5000000000000023E-003 ,   4.8000000000000036E-002
   1514.6736541322036      ,  0.80200000000002181      ,  0.14400000000000010      ,   6.0000000000000019E-003 ,   4.8000000000000036E-002
   1515.8984863563448      ,  0.80200000000002181      ,  0.14350000000000010      ,   6.5000000000000023E-003 ,   4.8000000000000036E-002
   1517.3703004781721      ,  0.80100000000002192      ,  0.14450000000000010      ,   6.5000000000000023E-003 ,   4.8000000000000036E-002
   1519.6225836684114      ,  0.79700000000002236      ,  0.14650000000000010      ,   6.5000000000000023E-003 ,   5.0000000000000037E-002
   1520.7551599253161      ,  0.79650000000002241      ,  0.14700000000000010      ,   6.5000000000000023E-003 ,   5.0000000000000037E-002
   1522.7333863315109      ,  0.79600000000002247      ,  0.14700000000000010      ,   6.5000000000000023E-003 ,   5.0500000000000038E-002
   1524.7744014780901      ,  0.79600000000002247      ,  0.14650000000000010      ,   6.5000000000000023E-003 ,   5.1000000000000038E-002
   1526.5768593034886      ,  0.79500000000002258      ,  0.14750000000000010      ,   6.5000000000000023E-003 ,   5.1000000000000038E-002
   1528.3554036580645      ,  0.79350000000002274      ,  0.14900000000000010      ,   6.5000000000000023E-003 ,   5.1000000000000038E-002
   1530.4757218469301      ,  0.79350000000002274      ,  0.14800000000000010      ,   7.5000000000000032E-003 ,   5.1000000000000038E-002
   1531.5467391670229      ,  0.79200000000002291      ,  0.14950000000000011      ,   7.5000000000000032E-003 ,   5.1000000000000038E-002
   1533.2155710359375      ,  0.79150000000002296      ,  0.15000000000000011      ,   7.5000000000000032E-003 ,   5.1000000000000038E-002
   1534.5607331593544      ,  0.78950000000002318      ,  0.15200000000000011      ,   7.5000000000000032E-003 ,   5.1000000000000038E-002
   1538.4962453230278      ,  0.78800000000002335      ,  0.15300000000000011      ,   8.0000000000000036E-003 ,   5.1000000000000038E-002
   1539.5645909467669      ,  0.78650000000002351      ,  0.15450000000000011      ,   8.0000000000000036E-003 ,   5.1000000000000038E-002
   1541.4392383615582      ,  0.78550000000002362      ,  0.15500000000000011      ,   8.0000000000000036E-003 ,   5.1500000000000039E-002
   1543.0313038146753      ,  0.78500000000002368      ,  0.15450000000000011      ,   8.0000000000000036E-003 ,   5.2500000000000040E-002
   1544.7131101719510      ,  0.78400000000002379      ,  0.15350000000000011      ,   8.5000000000000041E-003 ,   5.4000000000000041E-002
   1545.9031956109020      ,  0.78350000000002384      ,  0.15400000000000011      ,   8.5000000000000041E-003 ,   5.4000000000000041E-002
   1547.0815070979477      ,  0.78250000000002395      ,  0.15500000000000011      ,   8.5000000000000041E-003 ,   5.4000000000000041E-002
   1548.7434569173552      ,  0.78150000000002406      ,  0.15550000000000011      ,   8.5000000000000041E-003 ,   5.4500000000000041E-002
   1549.7581884131603      ,  0.78050000000002417      ,  0.15550000000000011      ,   9.0000000000000045E-003 ,   5.5000000000000042E-002
   1551.4000889592523      ,  0.77900000000002434      ,  0.15600000000000011      ,   9.0000000000000045E-003 ,   5.6000000000000043E-002
