   0.0000000000000000      ,  0.99975000000000003      ,   2.5000000000000001E-004 ,   0.0000000000000000      ,   0.0000000000000000     
   622.47246745747509      ,  0.99950000000000006      ,   5.0000000000000001E-004 ,   0.0000000000000000      ,   0.0000000000000000     
   923.39717249467105      ,  0.99925000000000008      ,   7.5000000000000002E-004 ,   0.0000000000000000      ,   0.0000000000000000     
   1064.4027702401613      ,  0.99900000000000011      ,   1.0000000000000000E-003 ,   0.0000000000000000      ,   0.0000000000000000     
   1133.7163522783760      ,  0.99875000000000014      ,   1.2500000000000000E-003 ,   0.0000000000000000      ,   0.0000000000000000     
   1212.5153430514040      ,  0.99850000000000017      ,   1.5000000000000000E-003 ,   0.0000000000000000      ,   0.0000000000000000     
   1219.3847461040571      ,  0.99825000000000019      ,   1.7500000000000000E-003 ,   0.0000000000000000      ,   0.0000000000000000     
   1233.2372121436204      ,  0.99800000000000022      ,   1.7500000000000000E-003 ,   0.0000000000000000      ,   2.5000000000000001E-004
   1336.7534999424879      ,  0.99775000000000025      ,   2.0000000000000000E-003 ,   0.0000000000000000      ,   2.5000000000000001E-004
   1386.8559754084656      ,  0.99750000000000028      ,   2.0000000000000000E-003 ,   0.0000000000000000      ,   5.0000000000000001E-004
   1420.8895671919706      ,  0.99725000000000030      ,   2.2500000000000003E-003 ,   0.0000000000000000      ,   5.0000000000000001E-004
   1451.2719142764583      ,  0.99700000000000033      ,   2.5000000000000005E-003 ,   0.0000000000000000      ,   5.0000000000000001E-004
   1455.1910074340356      ,  0.99675000000000036      ,   2.7500000000000007E-003 ,   0.0000000000000000      ,   5.0000000000000001E-004
   1470.8440285446056      ,  0.99650000000000039      ,   3.0000000000000009E-003 ,   0.0000000000000000      ,   5.0000000000000001E-004
   1515.8438305315783      ,  0.99625000000000041      ,   3.2500000000000012E-003 ,   0.0000000000000000      ,   5.0000000000000001E-004
   1538.3895869680512      ,  0.99600000000000044      ,   3.5000000000000014E-003 ,   0.0000000000000000      ,   5.0000000000000001E-004
   1553.2105449519231      ,  0.99575000000000047      ,   3.7500000000000016E-003 ,   0.0000000000000000      ,   5.0000000000000001E-004
   1647.1878440088115      ,  0.99550000000000050      ,   4.0000000000000018E-003 ,   0.0000000000000000      ,   5.0000000000000001E-004
   1658.8797528628456      ,  0.99525000000000052      ,   4.2500000000000020E-003 ,   0.0000000000000000      ,   5.0000000000000001E-004
   1661.9586595757737      ,  0.99500000000000055      ,   4.5000000000000023E-003 ,   0.0000000000000000      ,   5.0000000000000001E-004
   1671.6800637217784      ,  0.99475000000000058      ,   4.5000000000000023E-003 ,   0.0000000000000000      ,   7.5000000000000002E-004
   1680.5671956279684      ,  0.99450000000000061      ,   4.7500000000000025E-003 ,   0.0000000000000000      ,   7.5000000000000002E-004
   1685.6658906875994      ,  0.99425000000000063      ,   5.0000000000000027E-003 ,   0.0000000000000000      ,   7.5000000000000002E-004
   1688.7239666640712      ,  0.99400000000000066      ,   5.2500000000000029E-003 ,   0.0000000000000000      ,   7.5000000000000002E-004
   1697.6090859236037      ,  0.99375000000000069      ,   5.5000000000000032E-003 ,   0.0000000000000000      ,   7.5000000000000002E-004
   1699.0113408121006      ,  0.99350000000000072      ,   5.7500000000000034E-003 ,   0.0000000000000000      ,   7.5000000000000002E-004
   1746.0323091312634      ,  0.99325000000000074      ,   6.0000000000000036E-003 ,   0.0000000000000000      ,   7.5000000000000002E-004
   1748.4399641470377      ,  0.99300000000000077      ,   6.2500000000000038E-003 ,   0.0000000000000000      ,   7.5000000000000002E-004
   1752.9112750169209      ,  0.99275000000000080      ,   6.5000000000000040E-003 ,   0.0000000000000000      ,   7.5000000000000002E-004
   1761.8618693937053      ,  0.99250000000000083      ,   6.7500000000000043E-003 ,   0.0000000000000000      ,   7.5000000000000002E-004
   1765.3510545983763      ,  0.99225000000000085      ,   7.0000000000000045E-003 ,   0.0000000000000000      ,   7.5000000000000002E-004
   1784.9518410398236      ,  0.99200000000000088      ,   7.2500000000000047E-003 ,   0.0000000000000000      ,   7.5000000000000002E-004
   1820.2293183913528      ,  0.99175000000000091      ,   7.5000000000000049E-003 ,   0.0000000000000000      ,   7.5000000000000002E-004
   1828.4973445559860      ,  0.99150000000000094      ,   7.7500000000000051E-003 ,   0.0000000000000000      ,   7.5000000000000002E-004
   1862.1968314935636      ,  0.99125000000000096      ,   7.7500000000000051E-003 ,   0.0000000000000000      ,   1.0000000000000000E-003
   1866.4818400499894      ,  0.99100000000000099      ,   8.0000000000000054E-003 ,   0.0000000000000000      ,   1.0000000000000000E-003
   1874.4077350900554      ,  0.99075000000000102      ,   8.2500000000000056E-003 ,   0.0000000000000000      ,   1.0000000000000000E-003
   1879.0390551849989      ,  0.99050000000000105      ,   8.5000000000000058E-003 ,   0.0000000000000000      ,   1.0000000000000000E-003
   1882.3580641009225      ,  0.99025000000000107      ,   8.7500000000000060E-003 ,   0.0000000000000000      ,   1.0000000000000000E-003
   1886.1504493021725      ,  0.99000000000000110      ,   9.0000000000000063E-003 ,   0.0000000000000000      ,   1.0000000000000000E-003
   1899.2179771630244      ,  0.98975000000000113      ,   9.2500000000000065E-003 ,   0.0000000000000000      ,   1.0000000000000000E-003
   1905.6422353146891      ,  0.98950000000000116      ,   9.5000000000000067E-003 ,   0.0000000000000000      ,   1.0000000000000000E-003
   1907.6232667597612      ,  0.98925000000000118      ,   9.7500000000000069E-003 ,   0.0000000000000000      ,   1.0000000000000000E-003
   1913.9133286152733      ,  0.98900000000000121      ,   1.0000000000000007E-002 ,   0.0000000000000000      ,   1.0000000000000000E-003
   1916.3472928872391      ,  0.98875000000000124      ,   1.0250000000000007E-002 ,   0.0000000000000000      ,   1.0000000000000000E-003
   1936.5690477927246      ,  0.98850000000000127      ,   1.0500000000000008E-002 ,   0.0000000000000000      ,   1.0000000000000000E-003
   1943.1775775175449      ,  0.98825000000000129      ,   1.0750000000000008E-002 ,   0.0000000000000000      ,   1.0000000000000000E-003
   1956.0726189973136      ,  0.98800000000000132      ,   1.1000000000000008E-002 ,   0.0000000000000000      ,   1.0000000000000000E-003
   1962.8016646937895      ,  0.98775000000000135      ,   1.1000000000000008E-002 ,   0.0000000000000000      ,   1.2500000000000000E-003
   1965.2975776265928      ,  0.98750000000000138      ,   1.1000000000000008E-002 ,   0.0000000000000000      ,   1.5000000000000000E-003
   1970.4127614185045      ,  0.98725000000000140      ,   1.1250000000000008E-002 ,   0.0000000000000000      ,   1.5000000000000000E-003
   1971.4442136852044      ,  0.98700000000000143      ,   1.1500000000000008E-002 ,   0.0000000000000000      ,   1.5000000000000000E-003
   1973.6316634757197      ,  0.98675000000000146      ,   1.1750000000000009E-002 ,   0.0000000000000000      ,   1.5000000000000000E-003
   1974.8625460180124      ,  0.98650000000000149      ,   1.2000000000000009E-002 ,   0.0000000000000000      ,   1.5000000000000000E-003
   2011.2244848357204      ,  0.98625000000000151      ,   1.2000000000000009E-002 ,   0.0000000000000000      ,   1.7500000000000000E-003
   2015.1638902437960      ,  0.98600000000000154      ,   1.2250000000000009E-002 ,   0.0000000000000000      ,   1.7500000000000000E-003
   2020.5388323901311      ,  0.98575000000000157      ,   1.2500000000000009E-002 ,   0.0000000000000000      ,   1.7500000000000000E-003
   2022.2921198475412      ,  0.98550000000000160      ,   1.2750000000000010E-002 ,   0.0000000000000000      ,   1.7500000000000000E-003
   2025.7023506508185      ,  0.98525000000000162      ,   1.3000000000000010E-002 ,   0.0000000000000000      ,   1.7500000000000000E-003
   2029.5734992323783      ,  0.98500000000000165      ,   1.3000000000000010E-002 ,   0.0000000000000000      ,   2.0000000000000000E-003
   2031.2393904350276      ,  0.98475000000000168      ,   1.3250000000000010E-002 ,   0.0000000000000000      ,   2.0000000000000000E-003
   2037.2790781506371      ,  0.98450000000000171      ,   1.3500000000000010E-002 ,   0.0000000000000000      ,   2.0000000000000000E-003
   2040.8880030649138      ,  0.98425000000000173      ,   1.3750000000000010E-002 ,   0.0000000000000000      ,   2.0000000000000000E-003
   2047.8466379431829      ,  0.98400000000000176      ,   1.3750000000000010E-002 ,   0.0000000000000000      ,   2.2500000000000003E-003
   2063.1990485914962      ,  0.98375000000000179      ,   1.4000000000000011E-002 ,   0.0000000000000000      ,   2.2500000000000003E-003
   2064.9787639356618      ,  0.98350000000000182      ,   1.4250000000000011E-002 ,   0.0000000000000000      ,   2.2500000000000003E-003
   2067.8218766089567      ,  0.98325000000000184      ,   1.4500000000000011E-002 ,   0.0000000000000000      ,   2.2500000000000003E-003
   2072.1306331379237      ,  0.98300000000000187      ,   1.4750000000000011E-002 ,   0.0000000000000000      ,   2.2500000000000003E-003
   2080.4175270664314      ,  0.98275000000000190      ,   1.5000000000000012E-002 ,   0.0000000000000000      ,   2.2500000000000003E-003
   2093.2399549017377      ,  0.98250000000000193      ,   1.5250000000000012E-002 ,   0.0000000000000000      ,   2.2500000000000003E-003
   2094.9924920478115      ,  0.98225000000000195      ,   1.5250000000000012E-002 ,   0.0000000000000000      ,   2.5000000000000005E-003
   2103.0374655035193      ,  0.98150000000000204      ,   1.6000000000000011E-002 ,   0.0000000000000000      ,   2.5000000000000005E-003
   2112.2254618920156      ,  0.98125000000000207      ,   1.6250000000000011E-002 ,   0.0000000000000000      ,   2.5000000000000005E-003
   2118.4305080612521      ,  0.98100000000000209      ,   1.6500000000000011E-002 ,   0.0000000000000000      ,   2.5000000000000005E-003
   2127.8398004376927      ,  0.98075000000000212      ,   1.6750000000000011E-002 ,   0.0000000000000000      ,   2.5000000000000005E-003
   2135.9357951701827      ,  0.98050000000000215      ,   1.6750000000000011E-002 ,   0.0000000000000000      ,   2.7500000000000007E-003
   2139.5835647528329      ,  0.98025000000000218      ,   1.7000000000000012E-002 ,   0.0000000000000000      ,   2.7500000000000007E-003
   2146.6315955216273      ,  0.98000000000000220      ,   1.7250000000000012E-002 ,   0.0000000000000000      ,   2.7500000000000007E-003
   2156.4322836384008      ,  0.97975000000000223      ,   1.7500000000000012E-002 ,   0.0000000000000000      ,   2.7500000000000007E-003
   2158.4692974556478      ,  0.97950000000000226      ,   1.7750000000000012E-002 ,   0.0000000000000000      ,   2.7500000000000007E-003
   2165.9051919328735      ,  0.97950000000000226      ,   1.7500000000000012E-002 ,   2.5000000000000001E-004 ,   2.7500000000000007E-003
   2177.5214464660353      ,  0.97925000000000229      ,   1.7750000000000012E-002 ,   2.5000000000000001E-004 ,   2.7500000000000007E-003
   2179.8224387198511      ,  0.97900000000000231      ,   1.8000000000000013E-002 ,   2.5000000000000001E-004 ,   2.7500000000000007E-003
   2184.6234990103017      ,  0.97875000000000234      ,   1.8250000000000013E-002 ,   2.5000000000000001E-004 ,   2.7500000000000007E-003
   2186.7810097302931      ,  0.97850000000000237      ,   1.8500000000000013E-002 ,   2.5000000000000001E-004 ,   2.7500000000000007E-003
   2191.4196840692362      ,  0.97800000000000242      ,   1.8750000000000013E-002 ,   2.5000000000000001E-004 ,   3.0000000000000009E-003
   2193.0983625588046      ,  0.97750000000000248      ,   1.9250000000000014E-002 ,   2.5000000000000001E-004 ,   3.0000000000000009E-003
   2200.6567025529303      ,  0.97725000000000251      ,   1.9500000000000014E-002 ,   2.5000000000000001E-004 ,   3.0000000000000009E-003
   2202.9663131052316      ,  0.97700000000000253      ,   1.9500000000000014E-002 ,   2.5000000000000001E-004 ,   3.2500000000000012E-003
   2204.2277513142235      ,  0.97650000000000259      ,   1.9750000000000014E-002 ,   2.5000000000000001E-004 ,   3.5000000000000014E-003
   2206.4981990639831      ,  0.97625000000000262      ,   2.0000000000000014E-002 ,   2.5000000000000001E-004 ,   3.5000000000000014E-003
   2212.5340171865837      ,  0.97600000000000264      ,   2.0250000000000015E-002 ,   2.5000000000000001E-004 ,   3.5000000000000014E-003
   2215.2098698444256      ,  0.97575000000000267      ,   2.0500000000000015E-002 ,   2.5000000000000001E-004 ,   3.5000000000000014E-003
   2231.9206265567968      ,  0.97550000000000270      ,   2.0500000000000015E-002 ,   2.5000000000000001E-004 ,   3.7500000000000016E-003
   2245.4040147429096      ,  0.97500000000000275      ,   2.1000000000000015E-002 ,   2.5000000000000001E-004 ,   3.7500000000000016E-003
   2249.8529717285996      ,  0.97450000000000281      ,   2.1250000000000015E-002 ,   2.5000000000000001E-004 ,   4.0000000000000018E-003
   2251.8768039539286      ,  0.97425000000000284      ,   2.1500000000000016E-002 ,   2.5000000000000001E-004 ,   4.0000000000000018E-003
   2257.1296287588611      ,  0.97400000000000286      ,   2.1750000000000016E-002 ,   2.5000000000000001E-004 ,   4.0000000000000018E-003
   2258.9120793373686      ,  0.97350000000000292      ,   2.2000000000000016E-002 ,   2.5000000000000001E-004 ,   4.2500000000000020E-003
   2263.4187527471527      ,  0.97350000000000292      ,   2.1750000000000016E-002 ,   5.0000000000000001E-004 ,   4.2500000000000020E-003
   2266.2290239576387      ,  0.97325000000000295      ,   2.2000000000000016E-002 ,   5.0000000000000001E-004 ,   4.2500000000000020E-003
   2271.7637190774226      ,  0.97300000000000297      ,   2.2250000000000016E-002 ,   5.0000000000000001E-004 ,   4.2500000000000020E-003
   2280.6331263443267      ,  0.97275000000000300      ,   2.2500000000000017E-002 ,   5.0000000000000001E-004 ,   4.2500000000000020E-003
   2283.8035051494776      ,  0.97250000000000303      ,   2.2750000000000017E-002 ,   5.0000000000000001E-004 ,   4.2500000000000020E-003
   2285.3961576600732      ,  0.97225000000000306      ,   2.3000000000000017E-002 ,   5.0000000000000001E-004 ,   4.2500000000000020E-003
   2288.1734314348591      ,  0.97200000000000308      ,   2.3250000000000017E-002 ,   5.0000000000000001E-004 ,   4.2500000000000020E-003
   2295.2307512457473      ,  0.97175000000000311      ,   2.3500000000000017E-002 ,   5.0000000000000001E-004 ,   4.2500000000000020E-003
   2300.7965613974598      ,  0.97150000000000314      ,   2.3750000000000018E-002 ,   5.0000000000000001E-004 ,   4.2500000000000020E-003
   2312.0640417149270      ,  0.97125000000000317      ,   2.4000000000000018E-002 ,   5.0000000000000001E-004 ,   4.2500000000000020E-003
   2319.7307500860338      ,  0.97100000000000319      ,   2.4250000000000018E-002 ,   5.0000000000000001E-004 ,   4.2500000000000020E-003
   2321.8811496137878      ,  0.97075000000000322      ,   2.4250000000000018E-002 ,   5.0000000000000001E-004 ,   4.5000000000000023E-003
   2322.9773507043392      ,  0.97050000000000325      ,   2.4500000000000018E-002 ,   5.0000000000000001E-004 ,   4.5000000000000023E-003
   2337.4219692619054      ,  0.97025000000000328      ,   2.4750000000000019E-002 ,   5.0000000000000001E-004 ,   4.5000000000000023E-003
   2340.7607385520068      ,  0.97000000000000330      ,   2.4750000000000019E-002 ,   5.0000000000000001E-004 ,   4.7500000000000025E-003
   2356.3048798389882      ,  0.96975000000000333      ,   2.4750000000000019E-002 ,   5.0000000000000001E-004 ,   5.0000000000000027E-003
   2360.9861892486233      ,  0.96975000000000333      ,   2.4500000000000018E-002 ,   7.5000000000000002E-004 ,   5.0000000000000027E-003
   2363.5522798797188      ,  0.96950000000000336      ,   2.4500000000000018E-002 ,   7.5000000000000002E-004 ,   5.2500000000000029E-003
   2368.0186869869867      ,  0.96925000000000339      ,   2.4750000000000019E-002 ,   7.5000000000000002E-004 ,   5.2500000000000029E-003
   2371.2613042811709      ,  0.96875000000000344      ,   2.5000000000000019E-002 ,   7.5000000000000002E-004 ,   5.5000000000000032E-003
   2376.5681032308980      ,  0.96875000000000344      ,   2.4750000000000019E-002 ,   7.5000000000000002E-004 ,   5.7500000000000034E-003
   2380.9251569058806      ,  0.96825000000000350      ,   2.5250000000000019E-002 ,   7.5000000000000002E-004 ,   5.7500000000000034E-003
   2387.3186051878029      ,  0.96800000000000352      ,   2.5500000000000019E-002 ,   7.5000000000000002E-004 ,   5.7500000000000034E-003
   2390.5957121389970      ,  0.96775000000000355      ,   2.5750000000000019E-002 ,   7.5000000000000002E-004 ,   5.7500000000000034E-003
   2393.8757601155821      ,  0.96750000000000358      ,   2.6000000000000020E-002 ,   7.5000000000000002E-004 ,   5.7500000000000034E-003
   2395.3445548961045      ,  0.96725000000000361      ,   2.6000000000000020E-002 ,   7.5000000000000002E-004 ,   6.0000000000000036E-003
   2398.7885318808235      ,  0.96700000000000363      ,   2.6000000000000020E-002 ,   7.5000000000000002E-004 ,   6.2500000000000038E-003
   2401.3501289693613      ,  0.96675000000000366      ,   2.6250000000000020E-002 ,   7.5000000000000002E-004 ,   6.2500000000000038E-003
   2403.6155007781244      ,  0.96650000000000369      ,   2.6500000000000020E-002 ,   7.5000000000000002E-004 ,   6.2500000000000038E-003
   2409.2887488972656      ,  0.96600000000000374      ,   2.7000000000000021E-002 ,   7.5000000000000002E-004 ,   6.2500000000000038E-003
   2414.5041832738325      ,  0.96575000000000377      ,   2.7250000000000021E-002 ,   7.5000000000000002E-004 ,   6.2500000000000038E-003
   2420.7784169546712      ,  0.96550000000000380      ,   2.7250000000000021E-002 ,   7.5000000000000002E-004 ,   6.5000000000000040E-003
   2422.0575392851420      ,  0.96500000000000385      ,   2.7750000000000021E-002 ,   7.5000000000000002E-004 ,   6.5000000000000040E-003
   2425.8319172969473      ,  0.96500000000000385      ,   2.7500000000000021E-002 ,   1.0000000000000000E-003 ,   6.5000000000000040E-003
   2432.3777859483039      ,  0.96475000000000388      ,   2.7750000000000021E-002 ,   1.0000000000000000E-003 ,   6.5000000000000040E-003
   2434.9652536154290      ,  0.96450000000000391      ,   2.8000000000000021E-002 ,   1.0000000000000000E-003 ,   6.5000000000000040E-003
   2438.6197306226231      ,  0.96425000000000394      ,   2.8000000000000021E-002 ,   1.0000000000000000E-003 ,   6.7500000000000043E-003
   2443.9625628497433      ,  0.96375000000000399      ,   2.8500000000000022E-002 ,   1.0000000000000000E-003 ,   6.7500000000000043E-003
   2458.7386060286408      ,  0.96350000000000402      ,   2.8750000000000022E-002 ,   1.0000000000000000E-003 ,   6.7500000000000043E-003
   2476.7293497855226      ,  0.96350000000000402      ,   2.8500000000000022E-002 ,   1.2500000000000000E-003 ,   6.7500000000000043E-003
   2477.8186076925076      ,  0.96350000000000402      ,   2.8250000000000022E-002 ,   1.5000000000000000E-003 ,   6.7500000000000043E-003
   2479.7596925214862      ,  0.96325000000000405      ,   2.8250000000000022E-002 ,   1.5000000000000000E-003 ,   7.0000000000000045E-003
   2481.9552025885614      ,  0.96275000000000410      ,   2.8750000000000022E-002 ,   1.5000000000000000E-003 ,   7.0000000000000045E-003
   2483.6704105297276      ,  0.96250000000000413      ,   2.9000000000000022E-002 ,   1.5000000000000000E-003 ,   7.0000000000000045E-003
   2486.7761182543077      ,  0.96225000000000416      ,   2.9000000000000022E-002 ,   1.7500000000000000E-003 ,   7.0000000000000045E-003
   2489.2177976788703      ,  0.96200000000000419      ,   2.9250000000000023E-002 ,   1.7500000000000000E-003 ,   7.0000000000000045E-003
   2498.1172673244096      ,  0.96175000000000421      ,   2.9500000000000023E-002 ,   1.7500000000000000E-003 ,   7.0000000000000045E-003
   2507.5025816298721      ,  0.96150000000000424      ,   2.9500000000000023E-002 ,   1.7500000000000000E-003 ,   7.2500000000000047E-003
   2508.8694111643426      ,  0.96125000000000427      ,   2.9750000000000023E-002 ,   1.7500000000000000E-003 ,   7.2500000000000047E-003
   2510.2364439441776      ,  0.96125000000000427      ,   2.9500000000000023E-002 ,   1.7500000000000000E-003 ,   7.5000000000000049E-003
   2511.7823751543888      ,  0.96100000000000430      ,   2.9750000000000023E-002 ,   1.7500000000000000E-003 ,   7.5000000000000049E-003
   2516.1907835775878      ,  0.96075000000000432      ,   2.9750000000000023E-002 ,   1.7500000000000000E-003 ,   7.7500000000000051E-003
   2517.5914874069422      ,  0.96050000000000435      ,   3.0000000000000023E-002 ,   1.7500000000000000E-003 ,   7.7500000000000051E-003
   2527.8582475211952      ,  0.96025000000000438      ,   3.0250000000000023E-002 ,   1.7500000000000000E-003 ,   7.7500000000000051E-003
   2529.2700371966685      ,  0.96000000000000441      ,   3.0500000000000024E-002 ,   1.7500000000000000E-003 ,   7.7500000000000051E-003
   2530.6122860819523      ,  0.95975000000000443      ,   3.0750000000000024E-002 ,   1.7500000000000000E-003 ,   7.7500000000000051E-003
   2535.9001403108564      ,  0.95950000000000446      ,   3.1000000000000024E-002 ,   1.7500000000000000E-003 ,   7.7500000000000051E-003
   2536.9640948523474      ,  0.95925000000000449      ,   3.1000000000000024E-002 ,   1.7500000000000000E-003 ,   8.0000000000000054E-003
   2538.6278300754639      ,  0.95900000000000452      ,   3.1250000000000021E-002 ,   1.7500000000000000E-003 ,   8.0000000000000054E-003
   2540.4067537824594      ,  0.95875000000000454      ,   3.1500000000000021E-002 ,   1.7500000000000000E-003 ,   8.0000000000000054E-003
   2541.7039031517556      ,  0.95850000000000457      ,   3.1750000000000021E-002 ,   1.7500000000000000E-003 ,   8.0000000000000054E-003
   2543.7877429654768      ,  0.95825000000000460      ,   3.1750000000000021E-002 ,   1.7500000000000000E-003 ,   8.2500000000000056E-003
   2547.8699650739077      ,  0.95775000000000465      ,   3.2250000000000022E-002 ,   1.7500000000000000E-003 ,   8.2500000000000056E-003
   2549.5210382254709      ,  0.95775000000000465      ,   3.2000000000000021E-002 ,   2.0000000000000000E-003 ,   8.2500000000000056E-003
   2550.7348313364309      ,  0.95750000000000468      ,   3.2250000000000022E-002 ,   2.0000000000000000E-003 ,   8.2500000000000056E-003
   2551.9880685955859      ,  0.95700000000000474      ,   3.2750000000000022E-002 ,   2.0000000000000000E-003 ,   8.2500000000000056E-003
   2558.9903604332399      ,  0.95675000000000476      ,   3.3000000000000022E-002 ,   2.0000000000000000E-003 ,   8.2500000000000056E-003
   2561.0046407669765      ,  0.95650000000000479      ,   3.3250000000000023E-002 ,   2.0000000000000000E-003 ,   8.2500000000000056E-003
   2563.5186891916023      ,  0.95600000000000485      ,   3.3750000000000023E-002 ,   2.0000000000000000E-003 ,   8.2500000000000056E-003
   2565.4983353128109      ,  0.95575000000000487      ,   3.4000000000000023E-002 ,   2.0000000000000000E-003 ,   8.2500000000000056E-003
   2568.9150948918109      ,  0.95500000000000496      ,   3.4500000000000024E-002 ,   2.0000000000000000E-003 ,   8.5000000000000058E-003
   2575.6024200346696      ,  0.95475000000000498      ,   3.4750000000000024E-002 ,   2.0000000000000000E-003 ,   8.5000000000000058E-003
   2581.3930654163373      ,  0.95425000000000504      ,   3.5250000000000024E-002 ,   2.0000000000000000E-003 ,   8.5000000000000058E-003
   2585.2192929846524      ,  0.95400000000000507      ,   3.5500000000000025E-002 ,   2.0000000000000000E-003 ,   8.5000000000000058E-003
   2588.5788411745921      ,  0.95375000000000509      ,   3.5750000000000025E-002 ,   2.0000000000000000E-003 ,   8.5000000000000058E-003
   2600.5162528880596      ,  0.95300000000000518      ,   3.6250000000000025E-002 ,   2.0000000000000000E-003 ,   8.7500000000000060E-003
   2602.7115831775723      ,  0.95275000000000520      ,   3.6500000000000025E-002 ,   2.0000000000000000E-003 ,   8.7500000000000060E-003
   2604.2319923007626      ,  0.95250000000000523      ,   3.6750000000000026E-002 ,   2.0000000000000000E-003 ,   8.7500000000000060E-003
   2605.2399125371353      ,  0.95225000000000526      ,   3.7000000000000026E-002 ,   2.0000000000000000E-003 ,   8.7500000000000060E-003
   2607.4652197767159      ,  0.95225000000000526      ,   3.6750000000000026E-002 ,   2.2500000000000003E-003 ,   8.7500000000000060E-003
   2608.6995434684804      ,  0.95200000000000529      ,   3.7000000000000026E-002 ,   2.2500000000000003E-003 ,   8.7500000000000060E-003
   2610.3192493278216      ,  0.95175000000000531      ,   3.7000000000000026E-002 ,   2.2500000000000003E-003 ,   9.0000000000000063E-003
   2616.0671108924189      ,  0.95150000000000534      ,   3.7250000000000026E-002 ,   2.2500000000000003E-003 ,   9.0000000000000063E-003
   2624.8490270179100      ,  0.95125000000000537      ,   3.7500000000000026E-002 ,   2.2500000000000003E-003 ,   9.0000000000000063E-003
   2628.1888896186651      ,  0.95075000000000542      ,   3.7750000000000027E-002 ,   2.2500000000000003E-003 ,   9.2500000000000065E-003
   2634.1418313416602      ,  0.95025000000000548      ,   3.8250000000000027E-002 ,   2.2500000000000003E-003 ,   9.2500000000000065E-003
   2636.8313636777857      ,  0.95000000000000551      ,   3.8500000000000027E-002 ,   2.2500000000000003E-003 ,   9.2500000000000065E-003
   2641.3518631753104      ,  0.94925000000000559      ,   3.9000000000000028E-002 ,   2.2500000000000003E-003 ,   9.5000000000000067E-003
   2645.7681919783049      ,  0.94900000000000562      ,   3.9000000000000028E-002 ,   2.2500000000000003E-003 ,   9.7500000000000069E-003
   2648.0488390132055      ,  0.94875000000000564      ,   3.9250000000000028E-002 ,   2.2500000000000003E-003 ,   9.7500000000000069E-003
   2649.8019970301716      ,  0.94875000000000564      ,   3.9000000000000028E-002 ,   2.2500000000000003E-003 ,   1.0000000000000007E-002
   2652.3564458602345      ,  0.94800000000000573      ,   3.9500000000000028E-002 ,   2.2500000000000003E-003 ,   1.0250000000000007E-002
   2653.4128656128464      ,  0.94775000000000575      ,   3.9750000000000028E-002 ,   2.2500000000000003E-003 ,   1.0250000000000007E-002
   2655.9175372680047      ,  0.94725000000000581      ,   3.9750000000000028E-002 ,   2.2500000000000003E-003 ,   1.0750000000000008E-002
   2657.9851544147700      ,  0.94675000000000586      ,   4.0000000000000029E-002 ,   2.2500000000000003E-003 ,   1.1000000000000008E-002
   2660.4822623074738      ,  0.94650000000000589      ,   4.0250000000000029E-002 ,   2.2500000000000003E-003 ,   1.1000000000000008E-002
   2665.8507923514358      ,  0.94600000000000595      ,   4.0250000000000029E-002 ,   2.2500000000000003E-003 ,   1.1500000000000008E-002
   2675.0074300982792      ,  0.94575000000000597      ,   4.0500000000000029E-002 ,   2.2500000000000003E-003 ,   1.1500000000000008E-002
   2678.6584263137183      ,  0.94525000000000603      ,   4.1000000000000029E-002 ,   2.2500000000000003E-003 ,   1.1500000000000008E-002
   2680.2035003952451      ,  0.94500000000000606      ,   4.1000000000000029E-002 ,   2.2500000000000003E-003 ,   1.1750000000000009E-002
   2682.7254240719967      ,  0.94450000000000611      ,   4.1250000000000030E-002 ,   2.2500000000000003E-003 ,   1.2000000000000009E-002
   2689.7060358006938      ,  0.94425000000000614      ,   4.1500000000000030E-002 ,   2.2500000000000003E-003 ,   1.2000000000000009E-002
   2691.2409224317284      ,  0.94350000000000622      ,   4.2250000000000031E-002 ,   2.2500000000000003E-003 ,   1.2000000000000009E-002
   2693.0434279761703      ,  0.94300000000000628      ,   4.2000000000000030E-002 ,   2.2500000000000003E-003 ,   1.2750000000000010E-002
   2696.8608638676405      ,  0.94250000000000633      ,   4.2500000000000031E-002 ,   2.2500000000000003E-003 ,   1.2750000000000010E-002
   2703.1940719240397      ,  0.94225000000000636      ,   4.2500000000000031E-002 ,   2.2500000000000003E-003 ,   1.3000000000000010E-002
   2706.9353155199838      ,  0.94175000000000642      ,   4.3000000000000031E-002 ,   2.2500000000000003E-003 ,   1.3000000000000010E-002
   2708.1115458009685      ,  0.94150000000000644      ,   4.3250000000000031E-002 ,   2.2500000000000003E-003 ,   1.3000000000000010E-002
   2710.3965731731241      ,  0.94125000000000647      ,   4.3500000000000032E-002 ,   2.2500000000000003E-003 ,   1.3000000000000010E-002
   2712.0654761922251      ,  0.94075000000000653      ,   4.4000000000000032E-002 ,   2.2500000000000003E-003 ,   1.3000000000000010E-002
   2714.5093958191192      ,  0.94000000000000661      ,   4.4500000000000033E-002 ,   2.2500000000000003E-003 ,   1.3250000000000010E-002
   2719.7771293016590      ,  0.93925000000000669      ,   4.5000000000000033E-002 ,   2.2500000000000003E-003 ,   1.3500000000000010E-002
   2721.2459222722728      ,  0.93900000000000672      ,   4.5250000000000033E-002 ,   2.2500000000000003E-003 ,   1.3500000000000010E-002
   2723.7206020694284      ,  0.93825000000000680      ,   4.5750000000000034E-002 ,   2.2500000000000003E-003 ,   1.3750000000000010E-002
   2727.5231763138318      ,  0.93775000000000686      ,   4.6000000000000034E-002 ,   2.2500000000000003E-003 ,   1.4000000000000011E-002
   2733.0874810289151      ,  0.93750000000000688      ,   4.6250000000000034E-002 ,   2.2500000000000003E-003 ,   1.4000000000000011E-002
   2736.7687679815563      ,  0.93675000000000697      ,   4.7000000000000035E-002 ,   2.2500000000000003E-003 ,   1.4000000000000011E-002
   2739.0770377269491      ,  0.93650000000000699      ,   4.7250000000000035E-002 ,   2.2500000000000003E-003 ,   1.4000000000000011E-002
   2740.9921448835698      ,  0.93625000000000702      ,   4.7500000000000035E-002 ,   2.2500000000000003E-003 ,   1.4000000000000011E-002
   2742.8176081161500      ,  0.93575000000000708      ,   4.8000000000000036E-002 ,   2.2500000000000003E-003 ,   1.4000000000000011E-002
   2744.9058404212401      ,  0.93525000000000713      ,   4.8500000000000036E-002 ,   2.2500000000000003E-003 ,   1.4000000000000011E-002
   2747.7967484725914      ,  0.93500000000000716      ,   4.8500000000000036E-002 ,   2.2500000000000003E-003 ,   1.4250000000000011E-002
   2751.1117339936141      ,  0.93450000000000721      ,   4.9000000000000037E-002 ,   2.2500000000000003E-003 ,   1.4250000000000011E-002
   2753.0404425374850      ,  0.93425000000000724      ,   4.9250000000000037E-002 ,   2.2500000000000003E-003 ,   1.4250000000000011E-002
   2754.3192385110965      ,  0.93400000000000727      ,   4.9500000000000037E-002 ,   2.2500000000000003E-003 ,   1.4250000000000011E-002
   2757.1572416378776      ,  0.93375000000000730      ,   4.9750000000000037E-002 ,   2.2500000000000003E-003 ,   1.4250000000000011E-002
   2758.8003506034538      ,  0.93350000000000732      ,   5.0000000000000037E-002 ,   2.2500000000000003E-003 ,   1.4250000000000011E-002
   2759.8423780191765      ,  0.93300000000000738      ,   5.0250000000000038E-002 ,   2.2500000000000003E-003 ,   1.4500000000000011E-002
   2763.5802063461374      ,  0.93275000000000741      ,   5.0500000000000038E-002 ,   2.2500000000000003E-003 ,   1.4500000000000011E-002
   2765.3864228505240      ,  0.93250000000000743      ,   5.0500000000000038E-002 ,   2.5000000000000005E-003 ,   1.4500000000000011E-002
   2771.9487198422817      ,  0.93225000000000746      ,   5.0750000000000038E-002 ,   2.5000000000000005E-003 ,   1.4500000000000011E-002
   2773.2436193334352      ,  0.93175000000000752      ,   5.1000000000000038E-002 ,   2.5000000000000005E-003 ,   1.4750000000000011E-002
   2776.8489873860854      ,  0.93150000000000754      ,   5.1000000000000038E-002 ,   2.7500000000000007E-003 ,   1.4750000000000011E-002
   2780.8210934690082      ,  0.93075000000000763      ,   5.1250000000000039E-002 ,   3.0000000000000009E-003 ,   1.5000000000000012E-002
   2782.0506810953934      ,  0.93050000000000765      ,   5.1500000000000039E-002 ,   3.0000000000000009E-003 ,   1.5000000000000012E-002
   2783.1643472253613      ,  0.93025000000000768      ,   5.1500000000000039E-002 ,   3.0000000000000009E-003 ,   1.5250000000000012E-002
   2784.1809453624614      ,  0.93000000000000771      ,   5.1750000000000039E-002 ,   3.0000000000000009E-003 ,   1.5250000000000012E-002
   2787.2048749033238      ,  0.92950000000000776      ,   5.2000000000000039E-002 ,   3.0000000000000009E-003 ,   1.5500000000000012E-002
   2795.5061660978904      ,  0.92925000000000779      ,   5.2000000000000039E-002 ,   3.0000000000000009E-003 ,   1.5750000000000011E-002
   2796.6352129654169      ,  0.92900000000000782      ,   5.2250000000000039E-002 ,   3.0000000000000009E-003 ,   1.5750000000000011E-002
   2797.7230356858804      ,  0.92875000000000785      ,   5.2500000000000040E-002 ,   3.0000000000000009E-003 ,   1.5750000000000011E-002
   2800.1134219984069      ,  0.92850000000000787      ,   5.2750000000000040E-002 ,   3.0000000000000009E-003 ,   1.5750000000000011E-002
   2802.1234120066815      ,  0.92800000000000793      ,   5.3250000000000040E-002 ,   3.0000000000000009E-003 ,   1.5750000000000011E-002
   2804.3648912763770      ,  0.92775000000000796      ,   5.3500000000000041E-002 ,   3.0000000000000009E-003 ,   1.5750000000000011E-002
   2805.5734121831156      ,  0.92750000000000798      ,   5.3750000000000041E-002 ,   3.0000000000000009E-003 ,   1.5750000000000011E-002
   2807.6932068196452      ,  0.92675000000000807      ,   5.4500000000000041E-002 ,   3.0000000000000009E-003 ,   1.5750000000000011E-002
   2808.8062813726151      ,  0.92675000000000807      ,   5.4250000000000041E-002 ,   3.2500000000000012E-003 ,   1.5750000000000011E-002
   2810.1049170600454      ,  0.92650000000000809      ,   5.4500000000000041E-002 ,   3.2500000000000012E-003 ,   1.5750000000000011E-002
   2814.5622291300083      ,  0.92600000000000815      ,   5.5000000000000042E-002 ,   3.2500000000000012E-003 ,   1.5750000000000011E-002
   2815.6691480371755      ,  0.92575000000000818      ,   5.5250000000000042E-002 ,   3.2500000000000012E-003 ,   1.5750000000000011E-002
   2817.0050556726251      ,  0.92550000000000820      ,   5.5500000000000042E-002 ,   3.2500000000000012E-003 ,   1.5750000000000011E-002
   2821.6860802150563      ,  0.92525000000000823      ,   5.5750000000000043E-002 ,   3.2500000000000012E-003 ,   1.5750000000000011E-002
   2823.6828237739105      ,  0.92500000000000826      ,   5.6000000000000043E-002 ,   3.2500000000000012E-003 ,   1.5750000000000011E-002
   2827.0567355094336      ,  0.92475000000000829      ,   5.6250000000000043E-002 ,   3.2500000000000012E-003 ,   1.5750000000000011E-002
   2830.2490253879741      ,  0.92450000000000832      ,   5.6250000000000043E-002 ,   3.2500000000000012E-003 ,   1.6000000000000011E-002
   2831.9875688045072      ,  0.92400000000000837      ,   5.6750000000000043E-002 ,   3.2500000000000012E-003 ,   1.6000000000000011E-002
   2833.0215776489981      ,  0.92375000000000840      ,   5.7000000000000044E-002 ,   3.2500000000000012E-003 ,   1.6000000000000011E-002
   2834.5619425395457      ,  0.92350000000000843      ,   5.7000000000000044E-002 ,   3.5000000000000014E-003 ,   1.6000000000000011E-002
   2837.1440378894422      ,  0.92350000000000843      ,   5.6750000000000043E-002 ,   3.7500000000000016E-003 ,   1.6000000000000011E-002
   2841.1029508968991      ,  0.92300000000000848      ,   5.7250000000000044E-002 ,   3.7500000000000016E-003 ,   1.6000000000000011E-002
   2843.4976883703453      ,  0.92275000000000851      ,   5.7500000000000044E-002 ,   3.7500000000000016E-003 ,   1.6000000000000011E-002
   2845.4466671920045      ,  0.92275000000000851      ,   5.7250000000000044E-002 ,   3.7500000000000016E-003 ,   1.6250000000000011E-002
   2849.0034244246626      ,  0.92225000000000856      ,   5.7750000000000044E-002 ,   3.7500000000000016E-003 ,   1.6250000000000011E-002
   2850.8229604133899      ,  0.92200000000000859      ,   5.7750000000000044E-002 ,   3.7500000000000016E-003 ,   1.6500000000000011E-002
   2851.9620804384404      ,  0.92175000000000862      ,   5.8000000000000045E-002 ,   3.7500000000000016E-003 ,   1.6500000000000011E-002
   2857.9952361210867      ,  0.92150000000000865      ,   5.8250000000000045E-002 ,   3.7500000000000016E-003 ,   1.6500000000000011E-002
   2859.3152819898710      ,  0.92100000000000870      ,   5.8500000000000045E-002 ,   3.7500000000000016E-003 ,   1.6750000000000011E-002
   2861.9895466851194      ,  0.92050000000000876      ,   5.8750000000000045E-002 ,   3.7500000000000016E-003 ,   1.7000000000000012E-002
   2863.0989655303715      ,  0.92025000000000878      ,   5.9000000000000045E-002 ,   3.7500000000000016E-003 ,   1.7000000000000012E-002
   2864.3990503733203      ,  0.91950000000000887      ,   5.9750000000000046E-002 ,   3.7500000000000016E-003 ,   1.7000000000000012E-002
   2866.7658465874501      ,  0.91925000000000889      ,   6.0000000000000046E-002 ,   3.7500000000000016E-003 ,   1.7000000000000012E-002
   2872.1641935065213      ,  0.91875000000000895      ,   6.0000000000000046E-002 ,   3.7500000000000016E-003 ,   1.7500000000000012E-002
   2873.8844329890144      ,  0.91825000000000900      ,   6.0250000000000047E-002 ,   4.0000000000000018E-003 ,   1.7500000000000012E-002
   2877.0170613844725      ,  0.91800000000000903      ,   6.0500000000000047E-002 ,   4.0000000000000018E-003 ,   1.7500000000000012E-002
   2878.8786839827549      ,  0.91800000000000903      ,   6.0250000000000047E-002 ,   4.0000000000000018E-003 ,   1.7750000000000012E-002
   2880.2510080653069      ,  0.91750000000000909      ,   6.0750000000000047E-002 ,   4.0000000000000018E-003 ,   1.7750000000000012E-002
   2883.9824883758347      ,  0.91725000000000911      ,   6.1000000000000047E-002 ,   4.0000000000000018E-003 ,   1.7750000000000012E-002
   2886.8512284263506      ,  0.91700000000000914      ,   6.1250000000000047E-002 ,   4.0000000000000018E-003 ,   1.7750000000000012E-002
   2890.2452683388660      ,  0.91625000000000922      ,   6.2000000000000048E-002 ,   4.0000000000000018E-003 ,   1.7750000000000012E-002
   2892.4651896838327      ,  0.91550000000000931      ,   6.2500000000000042E-002 ,   4.0000000000000018E-003 ,   1.8000000000000013E-002
   2894.6493075454841      ,  0.91475000000000939      ,   6.3250000000000042E-002 ,   4.0000000000000018E-003 ,   1.8000000000000013E-002
   2896.8728600079753      ,  0.91425000000000944      ,   6.3750000000000043E-002 ,   4.0000000000000018E-003 ,   1.8000000000000013E-002
   2900.1894475172985      ,  0.91350000000000953      ,   6.4250000000000043E-002 ,   4.0000000000000018E-003 ,   1.8250000000000013E-002
   2901.4458519249051      ,  0.91300000000000958      ,   6.4750000000000044E-002 ,   4.0000000000000018E-003 ,   1.8250000000000013E-002
   2903.4127373405267      ,  0.91225000000000966      ,   6.5250000000000044E-002 ,   4.2500000000000020E-003 ,   1.8250000000000013E-002
   2906.3817243221761      ,  0.91175000000000972      ,   6.5750000000000045E-002 ,   4.2500000000000020E-003 ,   1.8250000000000013E-002
   2909.9411516897462      ,  0.91100000000000980      ,   6.6000000000000045E-002 ,   4.2500000000000020E-003 ,   1.8750000000000013E-002
   2914.1359328434205      ,  0.91075000000000983      ,   6.6000000000000045E-002 ,   4.5000000000000023E-003 ,   1.8750000000000013E-002
