   0.0000000000000000      ,  0.99980000000000002      ,   2.0000000000000001E-004 ,   0.0000000000000000      ,   0.0000000000000000     
   778.06488925791916      ,  0.99960000000000004      ,   4.0000000000000002E-004 ,   0.0000000000000000      ,   0.0000000000000000     
   1154.1959235083164      ,  0.99940000000000007      ,   6.0000000000000006E-004 ,   0.0000000000000000      ,   0.0000000000000000     
   1330.4354543500215      ,  0.99920000000000009      ,   8.0000000000000004E-004 ,   0.0000000000000000      ,   0.0000000000000000     
   1417.0659825690345      ,  0.99900000000000011      ,   1.0000000000000000E-003 ,   0.0000000000000000      ,   0.0000000000000000     
   1515.5484487052604      ,  0.99880000000000013      ,   1.2000000000000001E-003 ,   0.0000000000000000      ,   0.0000000000000000     
   1524.1335000225861      ,  0.99860000000000015      ,   1.4000000000000002E-003 ,   0.0000000000000000      ,   0.0000000000000000     
   1541.4450766819486      ,  0.99840000000000018      ,   1.4000000000000002E-003 ,   0.0000000000000000      ,   2.0000000000000001E-004
   1670.8062203713673      ,  0.99820000000000020      ,   1.6000000000000003E-003 ,   0.0000000000000000      ,   2.0000000000000001E-004
   1733.4156813758132      ,  0.99800000000000022      ,   1.6000000000000003E-003 ,   0.0000000000000000      ,   4.0000000000000002E-004
   1775.9436056447701      ,  0.99780000000000024      ,   1.8000000000000004E-003 ,   0.0000000000000000      ,   4.0000000000000002E-004
   1813.9077255588661      ,  0.99760000000000026      ,   2.0000000000000005E-003 ,   0.0000000000000000      ,   4.0000000000000002E-004
   1818.8046478642661      ,  0.99740000000000029      ,   2.2000000000000006E-003 ,   0.0000000000000000      ,   4.0000000000000002E-004
   1838.3625110753665      ,  0.99720000000000031      ,   2.4000000000000007E-003 ,   0.0000000000000000      ,   4.0000000000000002E-004
   1894.5862131463218      ,  0.99700000000000033      ,   2.6000000000000007E-003 ,   0.0000000000000000      ,   4.0000000000000002E-004
   1922.7544228211677      ,  0.99680000000000035      ,   2.8000000000000008E-003 ,   0.0000000000000000      ,   4.0000000000000002E-004
   1941.2708121492635      ,  0.99660000000000037      ,   3.0000000000000009E-003 ,   0.0000000000000000      ,   4.0000000000000002E-004
   2058.6763483243635      ,  0.99640000000000040      ,   3.2000000000000010E-003 ,   0.0000000000000000      ,   4.0000000000000002E-004
   2073.2825274866004      ,  0.99620000000000042      ,   3.4000000000000011E-003 ,   0.0000000000000000      ,   4.0000000000000002E-004
   2077.1287403307224      ,  0.99600000000000044      ,   3.6000000000000012E-003 ,   0.0000000000000000      ,   4.0000000000000002E-004
   2089.2724495156613      ,  0.99580000000000046      ,   3.6000000000000012E-003 ,   0.0000000000000000      ,   6.0000000000000006E-004
   2100.3736400947278      ,  0.99560000000000048      ,   3.8000000000000013E-003 ,   0.0000000000000000      ,   6.0000000000000006E-004
   2106.7423657163799      ,  0.99540000000000051      ,   4.0000000000000010E-003 ,   0.0000000000000000      ,   6.0000000000000006E-004
   2110.5620488330819      ,  0.99520000000000053      ,   4.2000000000000006E-003 ,   0.0000000000000000      ,   6.0000000000000006E-004
   2121.6596186229517      ,  0.99500000000000055      ,   4.4000000000000003E-003 ,   0.0000000000000000      ,   6.0000000000000006E-004
   2123.4109855380834      ,  0.99480000000000057      ,   4.5999999999999999E-003 ,   0.0000000000000000      ,   6.0000000000000006E-004
   2182.1365632441457      ,  0.99460000000000059      ,   4.7999999999999996E-003 ,   0.0000000000000000      ,   6.0000000000000006E-004
   2185.1434393527820      ,  0.99440000000000062      ,   4.9999999999999992E-003 ,   0.0000000000000000      ,   6.0000000000000006E-004
   2190.7273914430757      ,  0.99420000000000064      ,   5.1999999999999989E-003 ,   0.0000000000000000      ,   6.0000000000000006E-004
   2201.9048799520456      ,  0.99400000000000066      ,   5.3999999999999986E-003 ,   0.0000000000000000      ,   6.0000000000000006E-004
   2206.2620239360231      ,  0.99380000000000068      ,   5.5999999999999982E-003 ,   0.0000000000000000      ,   6.0000000000000006E-004
   2230.7378250479924      ,  0.99360000000000070      ,   5.7999999999999979E-003 ,   0.0000000000000000      ,   6.0000000000000006E-004
   2274.7878810860734      ,  0.99340000000000073      ,   5.9999999999999975E-003 ,   0.0000000000000000      ,   6.0000000000000006E-004
   2285.1116032091600      ,  0.99320000000000075      ,   6.1999999999999972E-003 ,   0.0000000000000000      ,   6.0000000000000006E-004
   2327.1884580082506      ,  0.99300000000000077      ,   6.1999999999999972E-003 ,   0.0000000000000000      ,   8.0000000000000004E-004
   2332.5384999384032      ,  0.99280000000000079      ,   6.3999999999999968E-003 ,   0.0000000000000000      ,   8.0000000000000004E-004
   2342.4340357925084      ,  0.99260000000000081      ,   6.5999999999999965E-003 ,   0.0000000000000000      ,   8.0000000000000004E-004
   2348.2160785853844      ,  0.99240000000000084      ,   6.7999999999999962E-003 ,   0.0000000000000000      ,   8.0000000000000004E-004
   2352.3596079516237      ,  0.99220000000000086      ,   6.9999999999999958E-003 ,   0.0000000000000000      ,   8.0000000000000004E-004
   2357.0939533585388      ,  0.99200000000000088      ,   7.1999999999999955E-003 ,   0.0000000000000000      ,   8.0000000000000004E-004
   2373.4066748559271      ,  0.99180000000000090      ,   7.3999999999999951E-003 ,   0.0000000000000000      ,   8.0000000000000004E-004
   2381.4260671174734      ,  0.99160000000000093      ,   7.5999999999999948E-003 ,   0.0000000000000000      ,   8.0000000000000004E-004
   2383.8989031687001      ,  0.99140000000000095      ,   7.7999999999999944E-003 ,   0.0000000000000000      ,   8.0000000000000004E-004
   2391.7502533501315      ,  0.99120000000000097      ,   7.9999999999999950E-003 ,   0.0000000000000000      ,   8.0000000000000004E-004
   2394.7882626819437      ,  0.99100000000000099      ,   8.1999999999999955E-003 ,   0.0000000000000000      ,   8.0000000000000004E-004
   2420.0276736622204      ,  0.99080000000000101      ,   8.3999999999999960E-003 ,   0.0000000000000000      ,   8.0000000000000004E-004
   2428.2757122694479      ,  0.99060000000000104      ,   8.5999999999999965E-003 ,   0.0000000000000000      ,   8.0000000000000004E-004
   2444.3693433145008      ,  0.99040000000000106      ,   8.7999999999999971E-003 ,   0.0000000000000000      ,   8.0000000000000004E-004
   2452.7672342532992      ,  0.99020000000000108      ,   8.7999999999999971E-003 ,   0.0000000000000000      ,   1.0000000000000000E-003
   2455.8820447905650      ,  0.99000000000000110      ,   8.7999999999999971E-003 ,   0.0000000000000000      ,   1.2000000000000001E-003
   2462.2653982583324      ,  0.98980000000000112      ,   8.9999999999999976E-003 ,   0.0000000000000000      ,   1.2000000000000001E-003
   2463.5525277095671      ,  0.98960000000000115      ,   9.1999999999999981E-003 ,   0.0000000000000000      ,   1.2000000000000001E-003
   2466.2821127189386      ,  0.98940000000000117      ,   9.3999999999999986E-003 ,   0.0000000000000000      ,   1.2000000000000001E-003
   2467.8180043604889      ,  0.98920000000000119      ,   9.5999999999999992E-003 ,   0.0000000000000000      ,   1.2000000000000001E-003
   2513.1888032004981      ,  0.98900000000000121      ,   9.5999999999999992E-003 ,   0.0000000000000000      ,   1.4000000000000002E-003
   2518.1040518884997      ,  0.98880000000000123      ,   9.7999999999999997E-003 ,   0.0000000000000000      ,   1.4000000000000002E-003
   2524.8102137865012      ,  0.98860000000000126      ,   1.0000000000000000E-002 ,   0.0000000000000000      ,   1.4000000000000002E-003
   2526.9976670460246      ,  0.98840000000000128      ,   1.0200000000000001E-002 ,   0.0000000000000000      ,   1.4000000000000002E-003
   2531.2522288886548      ,  0.98820000000000130      ,   1.0400000000000001E-002 ,   0.0000000000000000      ,   1.4000000000000002E-003
   2536.0816637862395      ,  0.98800000000000132      ,   1.0400000000000001E-002 ,   0.0000000000000000      ,   1.6000000000000003E-003
   2538.1598693981409      ,  0.98780000000000134      ,   1.0600000000000002E-002 ,   0.0000000000000000      ,   1.6000000000000003E-003
   2545.6941494850939      ,  0.98760000000000137      ,   1.0800000000000002E-002 ,   0.0000000000000000      ,   1.6000000000000003E-003
   2550.1959942776089      ,  0.98740000000000139      ,   1.1000000000000003E-002 ,   0.0000000000000000      ,   1.6000000000000003E-003
   2558.8760419638193      ,  0.98720000000000141      ,   1.1000000000000003E-002 ,   0.0000000000000000      ,   1.8000000000000004E-003
   2578.0256560222174      ,  0.98700000000000143      ,   1.1200000000000003E-002 ,   0.0000000000000000      ,   1.8000000000000004E-003
   2580.2454842679776      ,  0.98680000000000145      ,   1.1400000000000004E-002 ,   0.0000000000000000      ,   1.8000000000000004E-003
   2583.7915622047999      ,  0.98660000000000148      ,   1.1600000000000004E-002 ,   0.0000000000000000      ,   1.8000000000000004E-003
   2589.1654863524495      ,  0.98640000000000150      ,   1.1800000000000005E-002 ,   0.0000000000000000      ,   1.8000000000000004E-003
   2599.5006349588830      ,  0.98620000000000152      ,   1.2000000000000005E-002 ,   0.0000000000000000      ,   1.8000000000000004E-003
   2615.4918172061953      ,  0.98600000000000154      ,   1.2200000000000006E-002 ,   0.0000000000000000      ,   1.8000000000000004E-003
   2617.6773780455578      ,  0.98580000000000156      ,   1.2200000000000006E-002 ,   0.0000000000000000      ,   2.0000000000000005E-003
   2627.7091235551015      ,  0.98520000000000163      ,   1.2800000000000008E-002 ,   0.0000000000000000      ,   2.0000000000000005E-003
   2639.1657796688341      ,  0.98500000000000165      ,   1.3000000000000008E-002 ,   0.0000000000000000      ,   2.0000000000000005E-003
   2646.9026873730022      ,  0.98480000000000167      ,   1.3200000000000009E-002 ,   0.0000000000000000      ,   2.0000000000000005E-003
   2658.6344885785234      ,  0.98460000000000170      ,   1.3400000000000009E-002 ,   0.0000000000000000      ,   2.0000000000000005E-003
   2668.7284880345705      ,  0.98440000000000172      ,   1.3400000000000009E-002 ,   0.0000000000000000      ,   2.2000000000000006E-003
   2673.2763343651723      ,  0.98420000000000174      ,   1.3600000000000010E-002 ,   0.0000000000000000      ,   2.2000000000000006E-003
   2682.0631496138321      ,  0.98400000000000176      ,   1.3800000000000010E-002 ,   0.0000000000000000      ,   2.2000000000000006E-003
   2694.2813034207365      ,  0.98380000000000178      ,   1.4000000000000011E-002 ,   0.0000000000000000      ,   2.2000000000000006E-003
   2696.8206869857413      ,  0.98360000000000181      ,   1.4200000000000011E-002 ,   0.0000000000000000      ,   2.2000000000000006E-003
   2706.0901132486056      ,  0.98360000000000181      ,   1.4000000000000011E-002 ,   2.0000000000000001E-004 ,   2.2000000000000006E-003
   2720.5710633073477      ,  0.98340000000000183      ,   1.4200000000000011E-002 ,   2.0000000000000001E-004 ,   2.2000000000000006E-003
   2723.4394083742754      ,  0.98320000000000185      ,   1.4400000000000012E-002 ,   2.0000000000000001E-004 ,   2.2000000000000006E-003
   2729.4240575800150      ,  0.98300000000000187      ,   1.4600000000000012E-002 ,   2.0000000000000001E-004 ,   2.2000000000000006E-003
   2732.1133609527615      ,  0.98280000000000189      ,   1.4800000000000013E-002 ,   2.0000000000000001E-004 ,   2.2000000000000006E-003
   2737.8950298148479      ,  0.98240000000000194      ,   1.5000000000000013E-002 ,   2.0000000000000001E-004 ,   2.4000000000000007E-003
   2739.9872063852681      ,  0.98200000000000198      ,   1.5400000000000014E-002 ,   2.0000000000000001E-004 ,   2.4000000000000007E-003
   2749.4069629059572      ,  0.98180000000000200      ,   1.5600000000000015E-002 ,   2.0000000000000001E-004 ,   2.4000000000000007E-003
   2752.2852709887447      ,  0.98160000000000203      ,   1.5600000000000015E-002 ,   2.0000000000000001E-004 ,   2.6000000000000007E-003
   2753.8572200533667      ,  0.98120000000000207      ,   1.5800000000000015E-002 ,   2.0000000000000001E-004 ,   2.8000000000000008E-003
   2756.6864342799990      ,  0.98100000000000209      ,   1.6000000000000014E-002 ,   2.0000000000000001E-004 ,   2.8000000000000008E-003
   2764.2074364964587      ,  0.98080000000000211      ,   1.6200000000000013E-002 ,   2.0000000000000001E-004 ,   2.8000000000000008E-003
   2767.5416009268724      ,  0.98060000000000214      ,   1.6400000000000012E-002 ,   2.0000000000000001E-004 ,   2.8000000000000008E-003
   2788.3628210869615      ,  0.98040000000000216      ,   1.6400000000000012E-002 ,   2.0000000000000001E-004 ,   3.0000000000000009E-003
   2805.1617024442717      ,  0.98000000000000220      ,   1.6800000000000009E-002 ,   2.0000000000000001E-004 ,   3.0000000000000009E-003
   2806.2993195470467      ,  0.97980000000000222      ,   1.7000000000000008E-002 ,   2.0000000000000001E-004 ,   3.0000000000000009E-003
   2810.7042857813158      ,  0.97960000000000225      ,   1.7000000000000008E-002 ,   2.0000000000000001E-004 ,   3.2000000000000010E-003
   2813.2255056922118      ,  0.97940000000000227      ,   1.7200000000000007E-002 ,   2.0000000000000001E-004 ,   3.2000000000000010E-003
   2819.7690696637469      ,  0.97920000000000229      ,   1.7400000000000006E-002 ,   2.0000000000000001E-004 ,   3.2000000000000010E-003
   2821.9893806024538      ,  0.97880000000000233      ,   1.7600000000000005E-002 ,   2.0000000000000001E-004 ,   3.4000000000000011E-003
   2827.6028731535471      ,  0.97880000000000233      ,   1.7400000000000006E-002 ,   4.0000000000000002E-004 ,   3.4000000000000011E-003
   2831.1034265718217      ,  0.97860000000000236      ,   1.7600000000000005E-002 ,   4.0000000000000002E-004 ,   3.4000000000000011E-003
   2837.9973646237327      ,  0.97840000000000238      ,   1.7800000000000003E-002 ,   4.0000000000000002E-004 ,   3.4000000000000011E-003
   2849.0445963997149      ,  0.97820000000000240      ,   1.8000000000000002E-002 ,   4.0000000000000002E-004 ,   3.4000000000000011E-003
   2852.9933061717211      ,  0.97800000000000242      ,   1.8200000000000001E-002 ,   4.0000000000000002E-004 ,   3.4000000000000011E-003
   2854.9768887022369      ,  0.97780000000000244      ,   1.8400000000000000E-002 ,   4.0000000000000002E-004 ,   3.4000000000000011E-003
   2858.4357497756992      ,  0.97760000000000247      ,   1.8599999999999998E-002 ,   4.0000000000000002E-004 ,   3.4000000000000011E-003
   2867.2247484881777      ,  0.97740000000000249      ,   1.8799999999999997E-002 ,   4.0000000000000002E-004 ,   3.4000000000000011E-003
   2874.1560240228619      ,  0.97720000000000251      ,   1.8999999999999996E-002 ,   4.0000000000000002E-004 ,   3.4000000000000011E-003
   2888.1872865676564      ,  0.97700000000000253      ,   1.9199999999999995E-002 ,   4.0000000000000002E-004 ,   3.4000000000000011E-003
   2897.7342234251605      ,  0.97680000000000256      ,   1.9399999999999994E-002 ,   4.0000000000000002E-004 ,   3.4000000000000011E-003
   2900.4119080298669      ,  0.97660000000000258      ,   1.9399999999999994E-002 ,   4.0000000000000002E-004 ,   3.6000000000000012E-003
   2901.7768546489856      ,  0.97640000000000260      ,   1.9599999999999992E-002 ,   4.0000000000000002E-004 ,   3.6000000000000012E-003
   2919.7621123622048      ,  0.97620000000000262      ,   1.9799999999999991E-002 ,   4.0000000000000002E-004 ,   3.6000000000000012E-003
   2923.9191326432774      ,  0.97600000000000264      ,   1.9799999999999991E-002 ,   4.0000000000000002E-004 ,   3.8000000000000013E-003
   2943.2721027668808      ,  0.97580000000000267      ,   1.9799999999999991E-002 ,   4.0000000000000002E-004 ,   4.0000000000000010E-003
   2949.1002886038955      ,  0.97580000000000267      ,   1.9599999999999992E-002 ,   6.0000000000000006E-004 ,   4.0000000000000010E-003
   2952.2951314925667      ,  0.97560000000000269      ,   1.9599999999999992E-002 ,   6.0000000000000006E-004 ,   4.2000000000000006E-003
   2957.8557228523218      ,  0.97540000000000271      ,   1.9799999999999991E-002 ,   6.0000000000000006E-004 ,   4.2000000000000006E-003
   2961.8924499770910      ,  0.97500000000000275      ,   1.9999999999999990E-002 ,   6.0000000000000006E-004 ,   4.4000000000000003E-003
   2968.4986346315445      ,  0.97500000000000275      ,   1.9799999999999991E-002 ,   6.0000000000000006E-004 ,   4.5999999999999999E-003
   2973.9223560076625      ,  0.97460000000000280      ,   2.0199999999999989E-002 ,   6.0000000000000006E-004 ,   4.5999999999999999E-003
   2981.8807142154183      ,  0.97440000000000282      ,   2.0399999999999988E-002 ,   6.0000000000000006E-004 ,   4.5999999999999999E-003
   2985.9598113594266      ,  0.97420000000000284      ,   2.0599999999999986E-002 ,   6.0000000000000006E-004 ,   4.5999999999999999E-003
   2990.0424292197627      ,  0.97400000000000286      ,   2.0799999999999985E-002 ,   6.0000000000000006E-004 ,   4.5999999999999999E-003
   2991.8705494441415      ,  0.97380000000000289      ,   2.0799999999999985E-002 ,   6.0000000000000006E-004 ,   4.7999999999999996E-003
   2996.1569128761998      ,  0.97360000000000291      ,   2.0799999999999985E-002 ,   6.0000000000000006E-004 ,   4.9999999999999992E-003
   2999.3449596545356      ,  0.97340000000000293      ,   2.0999999999999984E-002 ,   6.0000000000000006E-004 ,   4.9999999999999992E-003
   3002.1642411425205      ,  0.97320000000000295      ,   2.1199999999999983E-002 ,   6.0000000000000006E-004 ,   4.9999999999999992E-003
   3009.2241942437608      ,  0.97280000000000300      ,   2.1599999999999980E-002 ,   6.0000000000000006E-004 ,   4.9999999999999992E-003
   3015.7141936642693      ,  0.97260000000000302      ,   2.1799999999999979E-002 ,   6.0000000000000006E-004 ,   4.9999999999999992E-003
   3023.5214767815855      ,  0.97240000000000304      ,   2.1799999999999979E-002 ,   6.0000000000000006E-004 ,   5.1999999999999989E-003
   3025.1130602895705      ,  0.97200000000000308      ,   2.2199999999999977E-002 ,   6.0000000000000006E-004 ,   5.1999999999999989E-003
   3029.8091872231525      ,  0.97200000000000308      ,   2.1999999999999978E-002 ,   8.0000000000000004E-004 ,   5.1999999999999989E-003
   3037.9538532435608      ,  0.97180000000000311      ,   2.2199999999999977E-002 ,   8.0000000000000004E-004 ,   5.1999999999999989E-003
   3041.1731867908002      ,  0.97160000000000313      ,   2.2399999999999975E-002 ,   8.0000000000000004E-004 ,   5.1999999999999989E-003
   3045.7199393801989      ,  0.97140000000000315      ,   2.2399999999999975E-002 ,   8.0000000000000004E-004 ,   5.3999999999999986E-003
   3046.9124313213165      ,  0.97120000000000317      ,   2.2599999999999974E-002 ,   8.0000000000000004E-004 ,   5.3999999999999986E-003
   3052.3668588748219      ,  0.97100000000000319      ,   2.2799999999999973E-002 ,   8.0000000000000004E-004 ,   5.3999999999999986E-003
   3070.7487157647088      ,  0.97080000000000322      ,   2.2999999999999972E-002 ,   8.0000000000000004E-004 ,   5.3999999999999986E-003
   3093.1289884800804      ,  0.97080000000000322      ,   2.2799999999999973E-002 ,   1.0000000000000000E-003 ,   5.3999999999999986E-003
   3094.4840485885316      ,  0.97080000000000322      ,   2.2599999999999974E-002 ,   1.2000000000000001E-003 ,   5.3999999999999986E-003
   3096.8988640087573      ,  0.97060000000000324      ,   2.2599999999999974E-002 ,   1.2000000000000001E-003 ,   5.5999999999999982E-003
   3099.6300263921166      ,  0.97020000000000328      ,   2.2999999999999972E-002 ,   1.2000000000000001E-003 ,   5.5999999999999982E-003
   3101.7636181060102      ,  0.97000000000000330      ,   2.3199999999999971E-002 ,   1.2000000000000001E-003 ,   5.5999999999999982E-003
   3105.6268328301712      ,  0.96980000000000333      ,   2.3199999999999971E-002 ,   1.4000000000000002E-003 ,   5.5999999999999982E-003
   3108.6639728093423      ,  0.96960000000000335      ,   2.3399999999999969E-002 ,   1.4000000000000002E-003 ,   5.5999999999999982E-003
   3119.7334037982323      ,  0.96940000000000337      ,   2.3599999999999968E-002 ,   1.4000000000000002E-003 ,   5.5999999999999982E-003
   3131.4067399998735      ,  0.96920000000000339      ,   2.3599999999999968E-002 ,   1.4000000000000002E-003 ,   5.7999999999999979E-003
   3133.1067269056230      ,  0.96900000000000341      ,   2.3799999999999967E-002 ,   1.4000000000000002E-003 ,   5.7999999999999979E-003
   3134.8069078429021      ,  0.96900000000000341      ,   2.3599999999999968E-002 ,   1.4000000000000002E-003 ,   5.9999999999999975E-003
   3136.7295852878920      ,  0.96880000000000344      ,   2.3799999999999967E-002 ,   1.4000000000000002E-003 ,   5.9999999999999975E-003
   3142.2121413004211      ,  0.96860000000000346      ,   2.3799999999999967E-002 ,   1.4000000000000002E-003 ,   6.1999999999999972E-003
   3143.9540789467374      ,  0.96840000000000348      ,   2.3999999999999966E-002 ,   1.4000000000000002E-003 ,   6.1999999999999972E-003
   3156.7215441203120      ,  0.96820000000000350      ,   2.4199999999999965E-002 ,   1.4000000000000002E-003 ,   6.1999999999999972E-003
   3158.4771468292656      ,  0.96800000000000352      ,   2.4399999999999963E-002 ,   1.4000000000000002E-003 ,   6.1999999999999972E-003
   3160.1462157177070      ,  0.96780000000000355      ,   2.4599999999999962E-002 ,   1.4000000000000002E-003 ,   6.1999999999999972E-003
   3166.7213654793877      ,  0.96760000000000357      ,   2.4799999999999961E-002 ,   1.4000000000000002E-003 ,   6.1999999999999972E-003
   3168.0442873853190      ,  0.96740000000000359      ,   2.4799999999999961E-002 ,   1.4000000000000002E-003 ,   6.3999999999999968E-003
   3170.1129056395321      ,  0.96720000000000361      ,   2.4999999999999960E-002 ,   1.4000000000000002E-003 ,   6.3999999999999968E-003
   3172.3246677578168      ,  0.96700000000000363      ,   2.5199999999999959E-002 ,   1.4000000000000002E-003 ,   6.3999999999999968E-003
   3173.9373768266723      ,  0.96680000000000366      ,   2.5399999999999957E-002 ,   1.4000000000000002E-003 ,   6.3999999999999968E-003
   3176.5280660167696      ,  0.96660000000000368      ,   2.5399999999999957E-002 ,   1.4000000000000002E-003 ,   6.5999999999999965E-003
   3181.6028538360697      ,  0.96620000000000372      ,   2.5799999999999955E-002 ,   1.4000000000000002E-003 ,   6.5999999999999965E-003
   3183.6553017543406      ,  0.96620000000000372      ,   2.5599999999999956E-002 ,   1.6000000000000003E-003 ,   6.5999999999999965E-003
   3185.1642077337588      ,  0.96600000000000374      ,   2.5799999999999955E-002 ,   1.6000000000000003E-003 ,   6.5999999999999965E-003
   3186.7220429027411      ,  0.96560000000000379      ,   2.6199999999999952E-002 ,   1.6000000000000003E-003 ,   6.5999999999999965E-003
   3195.4259146486320      ,  0.96540000000000381      ,   2.6399999999999951E-002 ,   1.6000000000000003E-003 ,   6.5999999999999965E-003
   3197.9295847386652      ,  0.96520000000000383      ,   2.6599999999999950E-002 ,   1.6000000000000003E-003 ,   6.5999999999999965E-003
   3201.0542610055663      ,  0.96480000000000388      ,   2.6999999999999948E-002 ,   1.6000000000000003E-003 ,   6.5999999999999965E-003
   3203.5146255691284      ,  0.96460000000000390      ,   2.7199999999999946E-002 ,   1.6000000000000003E-003 ,   6.5999999999999965E-003
   3204.6590367339145      ,  0.96420000000000394      ,   2.7399999999999945E-002 ,   1.6000000000000003E-003 ,   6.7999999999999962E-003
   3207.7607033727531      ,  0.96400000000000396      ,   2.7599999999999944E-002 ,   1.6000000000000003E-003 ,   6.7999999999999962E-003
   3216.0707592472827      ,  0.96380000000000399      ,   2.7799999999999943E-002 ,   1.6000000000000003E-003 ,   6.7999999999999962E-003
   3217.1989901298116      ,  0.96360000000000401      ,   2.7999999999999942E-002 ,   1.6000000000000003E-003 ,   6.7999999999999962E-003
   3223.2660872270608      ,  0.96340000000000403      ,   2.8199999999999940E-002 ,   1.6000000000000003E-003 ,   6.7999999999999962E-003
   3228.0202814225327      ,  0.96320000000000405      ,   2.8399999999999939E-002 ,   1.6000000000000003E-003 ,   6.7999999999999962E-003
   3232.1944680193728      ,  0.96300000000000407      ,   2.8599999999999938E-002 ,   1.6000000000000003E-003 ,   6.7999999999999962E-003
   3247.0250141899523      ,  0.96240000000000414      ,   2.8999999999999936E-002 ,   1.6000000000000003E-003 ,   6.9999999999999958E-003
   3249.7522978509446      ,  0.96220000000000416      ,   2.9199999999999934E-002 ,   1.6000000000000003E-003 ,   6.9999999999999958E-003
   3251.6410533789367      ,  0.96200000000000419      ,   2.9399999999999933E-002 ,   1.6000000000000003E-003 ,   6.9999999999999958E-003
   3252.8931166682924      ,  0.96180000000000421      ,   2.9599999999999932E-002 ,   1.6000000000000003E-003 ,   6.9999999999999958E-003
   3255.6573514645311      ,  0.96180000000000421      ,   2.9399999999999933E-002 ,   1.8000000000000004E-003 ,   6.9999999999999958E-003
   3257.1906465922966      ,  0.96160000000000423      ,   2.9599999999999932E-002 ,   1.8000000000000004E-003 ,   6.9999999999999958E-003
   3259.2025988593005      ,  0.96140000000000425      ,   2.9599999999999932E-002 ,   1.8000000000000004E-003 ,   7.1999999999999955E-003
   3266.3421794165174      ,  0.96120000000000427      ,   2.9799999999999931E-002 ,   1.8000000000000004E-003 ,   7.1999999999999955E-003
   3277.2500632208266      ,  0.96100000000000430      ,   2.9999999999999930E-002 ,   1.8000000000000004E-003 ,   7.1999999999999955E-003
   3278.4744156456550      ,  0.96080000000000432      ,   3.0199999999999928E-002 ,   1.8000000000000004E-003 ,   7.1999999999999955E-003
   3281.3982082090938      ,  0.96060000000000434      ,   3.0199999999999928E-002 ,   1.8000000000000004E-003 ,   7.3999999999999951E-003
   3282.3997686884450      ,  0.96040000000000436      ,   3.0399999999999927E-002 ,   1.8000000000000004E-003 ,   7.3999999999999951E-003
   3288.7912675889484      ,  0.96020000000000438      ,   3.0599999999999926E-002 ,   1.8000000000000004E-003 ,   7.3999999999999951E-003
   3292.1313106909142      ,  0.96000000000000441      ,   3.0799999999999925E-002 ,   1.8000000000000004E-003 ,   7.3999999999999951E-003
   3297.7446120575396      ,  0.95940000000000447      ,   3.1199999999999922E-002 ,   1.8000000000000004E-003 ,   7.5999999999999948E-003
   3303.2283399188018      ,  0.95920000000000449      ,   3.1199999999999922E-002 ,   1.8000000000000004E-003 ,   7.7999999999999944E-003
   3306.0601061370144      ,  0.95900000000000452      ,   3.1399999999999921E-002 ,   1.8000000000000004E-003 ,   7.7999999999999944E-003
   3308.2368390828124      ,  0.95900000000000452      ,   3.1199999999999922E-002 ,   1.8000000000000004E-003 ,   7.9999999999999950E-003
   3309.2503260334233      ,  0.95880000000000454      ,   3.1399999999999921E-002 ,   1.8000000000000004E-003 ,   7.9999999999999950E-003
   3311.4083167718691      ,  0.95840000000000458      ,   3.1599999999999920E-002 ,   1.8000000000000004E-003 ,   8.1999999999999955E-003
   3312.7198369694424      ,  0.95820000000000460      ,   3.1799999999999919E-002 ,   1.8000000000000004E-003 ,   8.1999999999999955E-003
   3313.9367229621139      ,  0.95800000000000463      ,   3.1799999999999919E-002 ,   1.8000000000000004E-003 ,   8.3999999999999960E-003
   3315.8291522983077      ,  0.95780000000000465      ,   3.1799999999999919E-002 ,   1.8000000000000004E-003 ,   8.5999999999999965E-003
   3318.3957061634947      ,  0.95740000000000469      ,   3.1999999999999917E-002 ,   1.8000000000000004E-003 ,   8.7999999999999971E-003
   3321.4952632159602      ,  0.95720000000000471      ,   3.2199999999999916E-002 ,   1.8000000000000004E-003 ,   8.7999999999999971E-003
   3328.1585388891308      ,  0.95680000000000476      ,   3.2199999999999916E-002 ,   1.8000000000000004E-003 ,   9.1999999999999981E-003
   3339.5230989411039      ,  0.95660000000000478      ,   3.2399999999999915E-002 ,   1.8000000000000004E-003 ,   9.1999999999999981E-003
   3344.0541653925125      ,  0.95620000000000482      ,   3.2799999999999913E-002 ,   1.8000000000000004E-003 ,   9.1999999999999981E-003
   3345.9715976237712      ,  0.95600000000000485      ,   3.2799999999999913E-002 ,   1.8000000000000004E-003 ,   9.3999999999999986E-003
   3349.1010960530912      ,  0.95560000000000489      ,   3.2999999999999911E-002 ,   1.8000000000000004E-003 ,   9.5999999999999992E-003
   3357.7631000551478      ,  0.95540000000000491      ,   3.3199999999999910E-002 ,   1.8000000000000004E-003 ,   9.5999999999999992E-003
   3358.9867779248325      ,  0.95500000000000496      ,   3.3599999999999908E-002 ,   1.8000000000000004E-003 ,   9.5999999999999992E-003
   3360.3535248371691      ,  0.95460000000000500      ,   3.3599999999999908E-002 ,   1.8000000000000004E-003 ,   1.0000000000000000E-002
   3361.9038500855295      ,  0.95440000000000502      ,   3.3599999999999908E-002 ,   1.8000000000000004E-003 ,   1.0200000000000001E-002
   3362.9796784442146      ,  0.95420000000000504      ,   3.3799999999999907E-002 ,   1.8000000000000004E-003 ,   1.0200000000000001E-002
   3366.6396459436428      ,  0.95400000000000507      ,   3.3999999999999905E-002 ,   1.8000000000000004E-003 ,   1.0200000000000001E-002
   3374.4960921483739      ,  0.95380000000000509      ,   3.3999999999999905E-002 ,   1.8000000000000004E-003 ,   1.0400000000000001E-002
   3379.1368440139227      ,  0.95340000000000513      ,   3.4399999999999903E-002 ,   1.8000000000000004E-003 ,   1.0400000000000001E-002
   3380.5958219177837      ,  0.95320000000000515      ,   3.4599999999999902E-002 ,   1.8000000000000004E-003 ,   1.0400000000000001E-002
   3383.4300343415880      ,  0.95300000000000518      ,   3.4799999999999900E-002 ,   1.8000000000000004E-003 ,   1.0400000000000001E-002
   3385.4999208500617      ,  0.95260000000000522      ,   3.5199999999999898E-002 ,   1.8000000000000004E-003 ,   1.0400000000000001E-002
   3386.5080512030645      ,  0.95220000000000526      ,   3.5599999999999896E-002 ,   1.8000000000000004E-003 ,   1.0400000000000001E-002
   3388.5307300718659      ,  0.95200000000000529      ,   3.5599999999999896E-002 ,   1.8000000000000004E-003 ,   1.0600000000000002E-002
   3389.5954160263409      ,  0.95160000000000533      ,   3.5799999999999894E-002 ,   1.8000000000000004E-003 ,   1.0800000000000002E-002
   3395.0627257690512      ,  0.95140000000000535      ,   3.5999999999999893E-002 ,   1.8000000000000004E-003 ,   1.0800000000000002E-002
   3396.8839488624349      ,  0.95120000000000537      ,   3.6199999999999892E-002 ,   1.8000000000000004E-003 ,   1.0800000000000002E-002
   3399.9203879868169      ,  0.95060000000000544      ,   3.6999999999999887E-002 ,   1.6000000000000003E-003 ,   1.0800000000000002E-002
   3401.0899918922282      ,  0.95040000000000546      ,   3.6999999999999887E-002 ,   1.6000000000000003E-003 ,   1.1000000000000003E-002
   3404.5854136360085      ,  0.95020000000000548      ,   3.7199999999999886E-002 ,   1.6000000000000003E-003 ,   1.1000000000000003E-002
   3411.4118297117334      ,  0.95000000000000551      ,   3.7399999999999885E-002 ,   1.6000000000000003E-003 ,   1.1000000000000003E-002
   3415.9283616171001      ,  0.94940000000000557      ,   3.7999999999999881E-002 ,   1.6000000000000003E-003 ,   1.1000000000000003E-002
   3418.7604266333915      ,  0.94920000000000559      ,   3.8199999999999880E-002 ,   1.6000000000000003E-003 ,   1.1000000000000003E-002
   3421.1101557361903      ,  0.94900000000000562      ,   3.8399999999999879E-002 ,   1.6000000000000003E-003 ,   1.1000000000000003E-002
   3423.3499714863501      ,  0.94860000000000566      ,   3.8799999999999876E-002 ,   1.6000000000000003E-003 ,   1.1000000000000003E-002
   3425.9122772016840      ,  0.94820000000000570      ,   3.9199999999999874E-002 ,   1.6000000000000003E-003 ,   1.1000000000000003E-002
   3429.4595582513107      ,  0.94800000000000573      ,   3.9199999999999874E-002 ,   1.6000000000000003E-003 ,   1.1200000000000003E-002
   3433.5271097335126      ,  0.94760000000000577      ,   3.9599999999999871E-002 ,   1.6000000000000003E-003 ,   1.1200000000000003E-002
   3435.8937131238049      ,  0.94740000000000579      ,   3.9799999999999870E-002 ,   1.6000000000000003E-003 ,   1.1200000000000003E-002
   3437.4628697311368      ,  0.94720000000000582      ,   3.9999999999999869E-002 ,   1.6000000000000003E-003 ,   1.1200000000000003E-002
   3440.9453112269466      ,  0.94700000000000584      ,   4.0199999999999868E-002 ,   1.6000000000000003E-003 ,   1.1200000000000003E-002
   3442.9615549860041      ,  0.94680000000000586      ,   4.0399999999999867E-002 ,   1.6000000000000003E-003 ,   1.1200000000000003E-002
   3444.2402379216696      ,  0.94640000000000590      ,   4.0599999999999865E-002 ,   1.6000000000000003E-003 ,   1.1400000000000004E-002
   3448.8268428854290      ,  0.94620000000000593      ,   4.0799999999999864E-002 ,   1.6000000000000003E-003 ,   1.1400000000000004E-002
   3450.0180265359468      ,  0.94620000000000593      ,   4.0599999999999865E-002 ,   1.8000000000000004E-003 ,   1.1400000000000004E-002
   3451.0432185560699      ,  0.94600000000000595      ,   4.0799999999999864E-002 ,   1.8000000000000004E-003 ,   1.1400000000000004E-002
   3459.0957133921615      ,  0.94580000000000597      ,   4.0999999999999863E-002 ,   1.8000000000000004E-003 ,   1.1400000000000004E-002
   3460.3098351764006      ,  0.94560000000000599      ,   4.1199999999999862E-002 ,   1.8000000000000004E-003 ,   1.1400000000000004E-002
   3465.1087619685468      ,  0.94520000000000604      ,   4.1199999999999862E-002 ,   2.0000000000000005E-003 ,   1.1600000000000004E-002
   3469.9827035275944      ,  0.94460000000000610      ,   4.1399999999999861E-002 ,   2.2000000000000006E-003 ,   1.1800000000000005E-002
   3471.4914351989501      ,  0.94440000000000612      ,   4.1599999999999859E-002 ,   2.2000000000000006E-003 ,   1.1800000000000005E-002
   3472.8579418573154      ,  0.94420000000000615      ,   4.1599999999999859E-002 ,   2.2000000000000006E-003 ,   1.2000000000000005E-002
   3474.1052982409024      ,  0.94400000000000617      ,   4.1799999999999858E-002 ,   2.2000000000000006E-003 ,   1.2000000000000005E-002
   3475.2428105411786      ,  0.94380000000000619      ,   4.1999999999999857E-002 ,   2.2000000000000006E-003 ,   1.2000000000000005E-002
   3477.8156884334530      ,  0.94360000000000621      ,   4.1999999999999857E-002 ,   2.2000000000000006E-003 ,   1.2200000000000006E-002
   3488.0011150956948      ,  0.94340000000000623      ,   4.1999999999999857E-002 ,   2.2000000000000006E-003 ,   1.2400000000000007E-002
   3489.3863710704218      ,  0.94320000000000626      ,   4.2199999999999856E-002 ,   2.2000000000000006E-003 ,   1.2400000000000007E-002
   3490.7210592500437      ,  0.94300000000000628      ,   4.2399999999999854E-002 ,   2.2000000000000006E-003 ,   1.2400000000000007E-002
   3493.6539320171109      ,  0.94280000000000630      ,   4.2599999999999853E-002 ,   2.2000000000000006E-003 ,   1.2400000000000007E-002
   3496.1201098812840      ,  0.94240000000000634      ,   4.2999999999999851E-002 ,   2.2000000000000006E-003 ,   1.2400000000000007E-002
   3498.8703403254954      ,  0.94220000000000637      ,   4.3199999999999850E-002 ,   2.2000000000000006E-003 ,   1.2400000000000007E-002
   3500.3531699251971      ,  0.94200000000000639      ,   4.3399999999999848E-002 ,   2.2000000000000006E-003 ,   1.2400000000000007E-002
   3502.9541509156766      ,  0.94140000000000645      ,   4.3999999999999845E-002 ,   2.2000000000000006E-003 ,   1.2400000000000007E-002
   3504.3198986728621      ,  0.94140000000000645      ,   4.3799999999999846E-002 ,   2.4000000000000007E-003 ,   1.2400000000000007E-002
   3505.9133137001804      ,  0.94120000000000648      ,   4.3999999999999845E-002 ,   2.4000000000000007E-003 ,   1.2400000000000007E-002
   3511.3824439203686      ,  0.94080000000000652      ,   4.4399999999999842E-002 ,   2.4000000000000007E-003 ,   1.2400000000000007E-002
   3512.7406415612058      ,  0.94060000000000654      ,   4.4599999999999841E-002 ,   2.4000000000000007E-003 ,   1.2400000000000007E-002
   3514.3798158668747      ,  0.94040000000000656      ,   4.4799999999999840E-002 ,   2.4000000000000007E-003 ,   1.2400000000000007E-002
   3520.1235060377267      ,  0.94020000000000659      ,   4.4999999999999839E-002 ,   2.4000000000000007E-003 ,   1.2400000000000007E-002
   3522.5735484564784      ,  0.94000000000000661      ,   4.5199999999999838E-002 ,   2.4000000000000007E-003 ,   1.2400000000000007E-002
   3526.7134126879118      ,  0.93980000000000663      ,   4.5399999999999836E-002 ,   2.4000000000000007E-003 ,   1.2400000000000007E-002
   3530.5992119544076      ,  0.93960000000000665      ,   4.5799999999999834E-002 ,   2.2000000000000006E-003 ,   1.2400000000000007E-002
   3532.7145156258030      ,  0.93920000000000670      ,   4.6199999999999831E-002 ,   2.2000000000000006E-003 ,   1.2400000000000007E-002
   3533.9726617037882      ,  0.93900000000000672      ,   4.6399999999999830E-002 ,   2.2000000000000006E-003 ,   1.2400000000000007E-002
   3535.8470312157124      ,  0.93880000000000674      ,   4.6399999999999830E-002 ,   2.4000000000000007E-003 ,   1.2400000000000007E-002
   3538.9889394024062      ,  0.93880000000000674      ,   4.6199999999999831E-002 ,   2.6000000000000007E-003 ,   1.2400000000000007E-002
   3543.8061323063662      ,  0.93840000000000678      ,   4.6599999999999829E-002 ,   2.6000000000000007E-003 ,   1.2400000000000007E-002
   3546.7201568999571      ,  0.93820000000000681      ,   4.6799999999999828E-002 ,   2.6000000000000007E-003 ,   1.2400000000000007E-002
   3549.0918483571495      ,  0.93820000000000681      ,   4.6999999999999827E-002 ,   2.4000000000000007E-003 ,   1.2400000000000007E-002
   3553.3845560769987      ,  0.93780000000000685      ,   4.7399999999999824E-002 ,   2.4000000000000007E-003 ,   1.2400000000000007E-002
   3555.5807637507664      ,  0.93760000000000687      ,   4.7399999999999824E-002 ,   2.4000000000000007E-003 ,   1.2600000000000007E-002
   3556.9556495919769      ,  0.93740000000000689      ,   4.7599999999999823E-002 ,   2.4000000000000007E-003 ,   1.2600000000000007E-002
   3564.2380069461938      ,  0.93720000000000692      ,   4.7799999999999822E-002 ,   2.4000000000000007E-003 ,   1.2600000000000007E-002
   3565.8315500323520      ,  0.93680000000000696      ,   4.7999999999999821E-002 ,   2.4000000000000007E-003 ,   1.2800000000000008E-002
   3569.0600422957559      ,  0.93640000000000700      ,   4.8199999999999819E-002 ,   2.4000000000000007E-003 ,   1.3000000000000008E-002
   3570.3993497749661      ,  0.93620000000000703      ,   4.8399999999999818E-002 ,   2.4000000000000007E-003 ,   1.3000000000000008E-002
   3571.9690705962335      ,  0.93560000000000709      ,   4.8999999999999815E-002 ,   2.4000000000000007E-003 ,   1.3000000000000008E-002
   3574.8270452475876      ,  0.93540000000000711      ,   4.9199999999999813E-002 ,   2.4000000000000007E-003 ,   1.3000000000000008E-002
   3576.0170090000543      ,  0.93520000000000714      ,   4.9199999999999813E-002 ,   2.4000000000000007E-003 ,   1.3200000000000009E-002
   3581.3459219489628      ,  0.93500000000000716      ,   4.9199999999999813E-002 ,   2.4000000000000007E-003 ,   1.3400000000000009E-002
