   0.0000000000000000      ,  0.99999000000000005      ,   1.0000000000000001E-005 ,   0.0000000000000000      ,   0.0000000000000000     
   5098.2834498025913      ,  0.99998000000000009      ,   2.0000000000000002E-005 ,   0.0000000000000000      ,   0.0000000000000000     
   7562.5853024349108      ,  0.99997000000000014      ,   3.0000000000000004E-005 ,   0.0000000000000000      ,   0.0000000000000000     
   8717.1137324789943      ,  0.99996000000000018      ,   4.0000000000000003E-005 ,   0.0000000000000000      ,   0.0000000000000000     
   9929.5427922217750      ,  0.99994000000000027      ,   6.0000000000000002E-005 ,   0.0000000000000000      ,   0.0000000000000000     
   11204.467276523326      ,  0.99990000000000046      ,   9.0000000000000006E-005 ,   0.0000000000000000      ,   1.0000000000000001E-005
   12332.553008675288      ,  0.99984000000000073      ,   1.5000000000000001E-004 ,   0.0000000000000000      ,   1.0000000000000001E-005
   13354.231402503148      ,  0.99979000000000096      ,   2.0000000000000001E-004 ,   0.0000000000000000      ,   1.0000000000000001E-005
   14473.786683648572      ,  0.99967000000000150      ,   3.2000000000000019E-004 ,   0.0000000000000000      ,   1.0000000000000001E-005
   15520.335644110484      ,  0.99952000000000218      ,   4.6000000000000056E-004 ,   0.0000000000000000      ,   2.0000000000000002E-005
   16537.665643496250      ,  0.99930000000000319      ,   6.7000000000000111E-004 ,   0.0000000000000000      ,   3.0000000000000004E-005
   17540.710610912603      ,  0.99901000000000451      ,   9.2000000000000176E-004 ,   1.0000000000000001E-005 ,   6.0000000000000002E-005
   18576.501206149354      ,  0.99872000000000583      ,   1.1400000000000023E-003 ,   2.0000000000000002E-005 ,   1.2000000000000000E-004
   19615.787015274222      ,  0.99834000000000755      ,   1.4400000000000031E-003 ,   2.0000000000000002E-005 ,   2.0000000000000001E-004
   20628.738891380308      ,  0.99773000000001033      ,   1.9400000000000044E-003 ,   4.0000000000000003E-005 ,   2.9000000000000011E-004
   21635.034997669693      ,  0.99686000000001429      ,   2.6500000000000061E-003 ,   7.0000000000000007E-005 ,   4.2000000000000045E-004
   22638.884637763760      ,  0.99578000000001921      ,   3.5300000000000084E-003 ,   8.0000000000000007E-005 ,   6.1000000000000095E-004
   23643.636908562254      ,  0.99461000000002453      ,   4.5199999999999841E-003 ,   1.0000000000000000E-004 ,   7.7000000000000137E-004
   24644.592012580651      ,  0.99305000000003163      ,   5.8699999999999291E-003 ,   9.0000000000000006E-005 ,   9.9000000000000195E-004
   25646.297973172532      ,  0.99131000000003955      ,   7.3399999999998692E-003 ,   1.5000000000000001E-004 ,   1.2000000000000025E-003
   26650.055247866916      ,  0.98875000000005120      ,   9.5099999999997808E-003 ,   1.7000000000000001E-004 ,   1.5700000000000035E-003
   27650.466246765653      ,  0.98502000000006817      ,   1.2709999999999650E-002 ,   1.6000000000000001E-004 ,   2.1100000000000047E-003
   28658.201182472294      ,  0.98104000000008629      ,   1.5919999999999521E-002 ,   2.5000000000000001E-004 ,   2.7900000000000065E-003
   29659.810505906378      ,  0.97538000000011205      ,   2.0639999999999329E-002 ,   3.1000000000000016E-004 ,   3.6700000000000088E-003
   30660.041105458949      ,  0.96765000000014723      ,   2.6999999999999070E-002 ,   3.8000000000000035E-004 ,   4.9699999999999658E-003
   31660.114435041298      ,  0.95795000000019137      ,   3.4950000000000030E-002 ,   4.9000000000000063E-004 ,   6.6099999999998989E-003
   32660.810858658118      ,  0.94573000000024698      ,   4.5150000000003153E-002 ,   6.6000000000000108E-004 ,   8.4599999999998236E-003
   33661.639074239538      ,  0.93037000000031689      ,   5.7770000000007017E-002 ,   8.0000000000000145E-004 ,   1.1059999999999718E-002
   34662.338426206392      ,  0.91159000000040236      ,   7.3290000000004282E-002 ,   9.8000000000000192E-004 ,   1.4139999999999592E-002
   35662.675788422013      ,  0.88789000000051022      ,   9.2739999999996742E-002 ,   1.2200000000000025E-003 ,   1.8149999999999430E-002
   36662.844714195511      ,  0.85878000000064270      ,  0.11650999999998753      ,   1.5300000000000034E-003 ,   2.3179999999999226E-002
   37663.236784302382      ,  0.82411000000080048      ,  0.14503000000000427      ,   1.9300000000000044E-003 ,   2.8929999999998991E-002
   38663.343077511876      ,  0.78317000000098680      ,  0.17842000000003766      ,   2.4400000000000055E-003 ,   3.5970000000000342E-002
   39663.358418752687      ,  0.73602000000120138      ,  0.21706000000007630      ,   2.9200000000000068E-003 ,   4.4000000000002801E-002
   40663.429371587161      ,  0.68244000000144522      ,  0.26008000000011933      ,   3.6300000000000087E-003 ,   5.3850000000005817E-002
   41663.657783908435      ,  0.62304000000171555      ,  0.30736000000016661      ,   4.5699999999999821E-003 ,   6.5030000000007485E-002
   42663.831650480228      ,  0.56113000000199731      ,  0.35578000000021504      ,   5.1099999999999601E-003 ,   7.7980000000002464E-002
   43663.863761147921      ,  0.49998000000227549      ,  0.40283000000026209      ,   5.8699999999999291E-003 ,   9.1319999999997292E-002
   44664.071960830603      ,  0.43598000000221149      ,  0.45142000000031068      ,   6.3599999999999091E-003 ,  0.10623999999999151     
   45664.104125755177      ,  0.37512000000215062      ,  0.49505000000035432      ,   6.9899999999998835E-003 ,  0.12283999999998507     
   46664.182064084409      ,  0.31922000000209472      ,  0.53312000000020854      ,   7.7499999999998525E-003 ,  0.13990999999999915     
   47664.586793058254      ,  0.26824000000204373      ,  0.56625000000005776      ,   8.3099999999998297E-003 ,  0.15720000000001644     
   48665.024573562405      ,  0.22272000000199821      ,  0.59348999999993379      ,   8.3499999999998280E-003 ,  0.17544000000003468     
   49665.234975044143      ,  0.18312000000195860      ,  0.61546999999983376      ,   8.1599999999998358E-003 ,  0.19325000000005249     
   50665.350603654537      ,  0.14983000000192531      ,  0.62957999999976955      ,   8.6099999999998175E-003 ,  0.21198000000007122     
   51666.430663582294      ,  0.12296000000190127      ,  0.63884999999972736      ,   8.8599999999998073E-003 ,  0.22933000000008857     
   52666.740307883119      ,   9.9650000001910308E-002 ,  0.64500999999969932      ,   8.8599999999998073E-003 ,  0.24648000000010573     
   53666.827506593363      ,   8.1120000001917492E-002 ,  0.64646999999969268      ,   9.0099999999998012E-003 ,  0.26340000000012265     
   54667.228566461199      ,   6.6210000001923272E-002 ,  0.64417999999970310      ,   9.0499999999997995E-003 ,  0.28056000000013981     
   55667.346792487071      ,   5.3690000001922013E-002 ,  0.64039999999972030      ,   8.6299999999998166E-003 ,  0.29728000000015653     
   56667.430655937533      ,   4.3410000001918865E-002 ,  0.63307999999975362      ,   9.1899999999997938E-003 ,  0.31432000000017357     
   57667.832740167687      ,   3.5470000001916434E-002 ,  0.62488999999979089      ,   9.3599999999997869E-003 ,  0.33028000000018953     
   58668.440386540889      ,   2.8800000001915241E-002 ,  0.61536999999983422      ,   9.2099999999997930E-003 ,  0.34662000000020587     
   59669.026764982787      ,   2.3820000001915444E-002 ,  0.60536999999987973      ,   9.2799999999997902E-003 ,  0.36153000000022079     
   60669.033960062203      ,   2.0040000001915598E-002 ,  0.59427999999993020      ,   8.8999999999998056E-003 ,  0.37678000000023604     
   61669.117460942965      ,   1.6540000001915741E-002 ,  0.58336999999997985      ,   8.6899999999998142E-003 ,  0.39140000000025066     
   62669.542438461125      ,   1.3890000001915849E-002 ,  0.57168000000003305      ,   8.4699999999998232E-003 ,  0.40596000000026522     
   63669.664462018583      ,   1.1510000001915946E-002 ,  0.56009000000008580      ,   8.6699999999998150E-003 ,  0.41973000000027899     
   64669.850418344518      ,   9.5800000019160246E-003 ,  0.54773000000014205      ,   8.7799999999998105E-003 ,  0.43391000000029317     
   65669.927520849058      ,   8.1100000019160845E-003 ,  0.53563000000019712      ,   8.9399999999998040E-003 ,  0.44732000000030658     
   66671.495156569203      ,   7.0100000019161293E-003 ,  0.52335000000025300      ,   9.0899999999997979E-003 ,  0.46055000000031981     
   67671.536683152852      ,   5.9700000019161717E-003 ,  0.51183000000030543      ,   9.3799999999997861E-003 ,  0.47282000000033209     
   68671.903127131183      ,   5.0400000019162096E-003 ,  0.50093000000035504      ,   9.3699999999997865E-003 ,  0.48466000000034393     
   69672.245579582377      ,   4.1500000019162459E-003 ,  0.48987000000034914      ,   9.2499999999997914E-003 ,  0.49673000000035600     
   70674.373753589534      ,   3.5900000019162548E-003 ,  0.47869000000033796      ,   9.1099999999997971E-003 ,  0.50861000000032008     
   71674.461824662387      ,   3.0800000019162535E-003 ,  0.46790000000032717      ,   9.0799999999997983E-003 ,  0.51994000000026852     
   72674.586954900311      ,   2.6400000019162523E-003 ,  0.45702000000031628      ,   8.6399999999998162E-003 ,  0.53170000000021500     
   73674.703591784695      ,   2.3600000019162516E-003 ,  0.44683000000030609      ,   8.4599999999998236E-003 ,  0.54235000000016653     
   74675.120094528102      ,   2.0700000019162508E-003 ,  0.43582000000029508      ,   8.5299999999998207E-003 ,  0.55358000000011542     
   75675.716572188481      ,   1.7800000019162500E-003 ,  0.42523000000028449      ,   8.6899999999998142E-003 ,  0.56430000000006664     
   76676.682363509870      ,   1.5600000019162495E-003 ,  0.41508000000027434      ,   8.5199999999998211E-003 ,  0.57484000000001867     
   77678.366891319180      ,   1.4000000019162490E-003 ,  0.40518000000026444      ,   8.3699999999998272E-003 ,  0.58504999999997220     
   78678.547254225181      ,   1.2300000019162486E-003 ,  0.39528000000025454      ,   8.2399999999998325E-003 ,  0.59524999999992578     
   79680.396729239394      ,   1.1200000019162483E-003 ,  0.38489000000024415      ,   8.2899999999998305E-003 ,  0.60569999999987822     
   80681.695252172736      ,   1.0500000019162481E-003 ,  0.37625000000023551      ,   8.0399999999998407E-003 ,  0.61465999999983745     
   81681.813751973605      ,   9.4000000191624784E-004 ,  0.36750000000022676      ,   7.9999999999998423E-003 ,  0.62355999999979694     
   82683.269775182955      ,   8.9000000191624771E-004 ,  0.35875000000021801      ,   8.1499999999998362E-003 ,  0.63220999999975758     
   83683.283228974862      ,   8.0000000191624747E-004 ,  0.35042000000020967      ,   8.1299999999998370E-003 ,  0.64064999999971917     
   84685.493862039410      ,   7.3000000191624729E-004 ,  0.34178000000020103      ,   8.1699999999998354E-003 ,  0.64931999999967971     
   85687.236676009299      ,   6.7000000191624713E-004 ,  0.33374000000019299      ,   8.2399999999998325E-003 ,  0.65734999999964316     
   86687.538795824395      ,   6.3000000191624703E-004 ,  0.32579000000018504      ,   8.1999999999998342E-003 ,  0.66537999999960662     
   87687.722416940946      ,   5.6000000191624684E-004 ,  0.31757000000017682      ,   8.3299999999998289E-003 ,  0.67353999999956948     
   88691.985330060736      ,   5.0000000191624669E-004 ,  0.31032000000016957      ,   8.3399999999998285E-003 ,  0.68083999999953626     
   89692.299394359259      ,   4.4000000191624653E-004 ,  0.30308000000016233      ,   8.0699999999998395E-003 ,  0.68840999999950181     
   90692.978714466255      ,   3.8000000191624637E-004 ,  0.29578000000015503      ,   7.9999999999998423E-003 ,  0.69583999999946800     
   91693.499442301923      ,   3.6000000191624632E-004 ,  0.28876000000014801      ,   7.8499999999998484E-003 ,  0.70302999999943527     
   92693.544037646716      ,   3.3000000191624624E-004 ,  0.28205000000014130      ,   7.5799999999998594E-003 ,  0.71003999999940337     
   93697.219138870496      ,   3.0000000191624616E-004 ,  0.27521000000013446      ,   7.6499999999998566E-003 ,  0.71683999999937242     
   94699.063563912132      ,   2.9000000191624613E-004 ,  0.26850000000012775      ,   7.6199999999998578E-003 ,  0.72358999999934170     
   95699.828324460672      ,   2.7000000191624608E-004 ,  0.26241000000012166      ,   7.3699999999998680E-003 ,  0.72994999999931276     
   96703.351543588215      ,   2.6000000191624606E-004 ,  0.25611000000011536      ,   7.3199999999998700E-003 ,  0.73630999999928382     
   97706.547942552861      ,   2.6000000191624606E-004 ,  0.25005000000010930      ,   7.1999999999998749E-003 ,  0.74248999999925569     
   98712.065816117291      ,   2.3000000191624603E-004 ,  0.24374000000010299      ,   7.3099999999998704E-003 ,  0.74871999999922734     
   99712.269552463302      ,   2.2000000191624603E-004 ,  0.23818000000009742      ,   7.1899999999998753E-003 ,  0.75440999999920144     
   100713.59854669389      ,   1.9000000191624604E-004 ,  0.23216000000009140      ,   7.3099999999998704E-003 ,  0.76033999999917445     
   101714.96646893059      ,   1.9000000191624604E-004 ,  0.22661000000008585      ,   7.2799999999998716E-003 ,  0.76591999999914906     
   102716.65298301721      ,   1.9000000191624604E-004 ,  0.22122000000008046      ,   7.1399999999998773E-003 ,  0.77144999999912389     
   103723.89964419142      ,   1.8000000191624604E-004 ,  0.21612000000007536      ,   6.9599999999998847E-003 ,  0.77673999999909982     
   104726.08044565492      ,   1.6000000191624604E-004 ,  0.21069000000006993      ,   6.9999999999998831E-003 ,  0.78214999999907520     
   105726.10455264489      ,   1.6000000191624604E-004 ,  0.20591000000006515      ,   7.0699999999998802E-003 ,  0.78685999999905376     
   106726.17608036182      ,   1.5000000191624604E-004 ,  0.20076000000006000      ,   7.0599999999998806E-003 ,  0.79202999999903023     
   107727.40771752938      ,   1.5000000191624604E-004 ,  0.19655000000005579      ,   6.8999999999998871E-003 ,  0.79639999999901034     
   108729.07543958357      ,   1.5000000191624604E-004 ,  0.19219000000005143      ,   6.5799999999999002E-003 ,  0.80107999999898905     
   109730.55209286687      ,   1.3000000191624604E-004 ,  0.18782000000004706      ,   6.3299999999999104E-003 ,  0.80571999999896793     
   110732.01818245724      ,   1.3000000191624604E-004 ,  0.18379000000004303      ,   6.0699999999999209E-003 ,  0.81000999999894840     
   111732.57942078850      ,   1.3000000191624604E-004 ,  0.17920000000003844      ,   6.1299999999999185E-003 ,  0.81453999999892779     
   112739.89088450436      ,   1.1000000191624604E-004 ,  0.17495000000003419      ,   6.1799999999999165E-003 ,  0.81875999999890858     
   113740.19168232509      ,   1.1000000191624604E-004 ,  0.17091000000003015      ,   6.1899999999999161E-003 ,  0.82278999999889024     
   114740.29530005800      ,   1.1000000191624604E-004 ,  0.16654000000002578      ,   6.3299999999999104E-003 ,  0.82701999999887099     
   115740.92307065550      ,   1.1000000191624604E-004 ,  0.16254000000002178      ,   6.4099999999999071E-003 ,  0.83093999999885315     
   116741.33222590914      ,   1.0000000191624604E-004 ,  0.15877000000001801      ,   6.4899999999999038E-003 ,  0.83463999999883631     
   117742.14631315455      ,   1.0000000191624604E-004 ,  0.15519000000001443      ,   6.4099999999999071E-003 ,  0.83829999999881966     
   118743.43315177484      ,   1.0000000191624604E-004 ,  0.15143000000001067      ,   6.3699999999999087E-003 ,  0.84209999999880236     
   119748.44554316925      ,   1.0000000191624604E-004 ,  0.14805000000000729      ,   6.1099999999999193E-003 ,  0.84573999999878580     
   120755.43545035909      ,   1.0000000191624604E-004 ,  0.14433000000000357      ,   6.0799999999999205E-003 ,  0.84948999999876873     
   121756.72413484595      ,   8.0000001916246045E-005 ,  0.14126000000000050      ,   6.0799999999999205E-003 ,  0.85257999999875467     
   122759.14273464696      ,   8.0000001916246045E-005 ,  0.13801999999999726      ,   5.9399999999999262E-003 ,  0.85595999999873928     
   123760.95480828115      ,   8.0000001916246045E-005 ,  0.13438999999999363      ,   6.0099999999999234E-003 ,  0.85951999999872308     
   124761.35734159350      ,   7.0000001916246046E-005 ,  0.13120999999999045      ,   5.7899999999999324E-003 ,  0.86292999999870756     
   125766.59189631917      ,   7.0000001916246046E-005 ,  0.12796999999998721      ,   5.7699999999999332E-003 ,  0.86618999999869273     
   126770.80707888804      ,   6.0000001916246047E-005 ,  0.12492999999998428      ,   5.8299999999999307E-003 ,  0.86917999999867912     
   127774.56885152400      ,   6.0000001916246047E-005 ,  0.12194999999998543      ,   5.6799999999999368E-003 ,  0.87230999999866488     
   128775.79001883970      ,   6.0000001916246047E-005 ,  0.11898999999998658      ,   5.7599999999999336E-003 ,  0.87518999999865177     
   129776.66990506301      ,   6.0000001916246047E-005 ,  0.11615999999998768      ,   5.6199999999999393E-003 ,  0.87815999999863825     
   130777.35048203680      ,   6.0000001916246047E-005 ,  0.11331999999998878      ,   5.4499999999999462E-003 ,  0.88116999999862455     
   131777.83788019794      ,   6.0000001916246047E-005 ,  0.11096999999998969      ,   5.1999999999999564E-003 ,  0.88376999999861272     
   132780.12802228419      ,   6.0000001916246047E-005 ,  0.10875999999999054      ,   5.0699999999999617E-003 ,  0.88610999999860207     
   133780.66006152681      ,   6.0000001916246047E-005 ,  0.10609999999999158      ,   5.0599999999999621E-003 ,  0.88877999999858992     
   134782.36615994427      ,   6.0000001916246047E-005 ,  0.10339999999999262      ,   5.0899999999999609E-003 ,  0.89144999999857777     
   135782.80544650252      ,   5.0000001916246047E-005 ,  0.10082999999999362      ,   5.2099999999999560E-003 ,  0.89390999999856657     
   136783.39222861425      ,   5.0000001916246047E-005 ,   9.8629999999994472E-002 ,   5.0499999999999625E-003 ,  0.89626999999855583     
   137790.63251593563      ,   5.0000001916246047E-005 ,   9.6489999999995302E-002 ,   5.0299999999999633E-003 ,  0.89842999999854600     
   138792.14313953443      ,   5.0000001916246047E-005 ,   9.4289999999996155E-002 ,   5.0499999999999625E-003 ,  0.90060999999853608     
   139796.61694052091      ,   5.0000001916246047E-005 ,   9.1989999999997046E-002 ,   4.9199999999999678E-003 ,  0.90303999999852502     
   140799.85484259287      ,   5.0000001916246047E-005 ,   8.9959999999997833E-002 ,   4.7799999999999735E-003 ,  0.90520999999851515     
   141803.64485995125      ,   4.0000001916246048E-005 ,   8.7939999999998616E-002 ,   4.6799999999999776E-003 ,  0.90733999999850545     
   142804.32661198563      ,   4.0000001916246048E-005 ,   8.5859999999999423E-002 ,   4.5699999999999821E-003 ,  0.90952999999849549     
   143810.09082836675      ,   4.0000001916246048E-005 ,   8.3620000000000291E-002 ,   4.4999999999999849E-003 ,  0.91183999999848497     
   144815.70291766597      ,   3.0000001916246049E-005 ,   8.1660000000001051E-002 ,   4.5799999999999817E-003 ,  0.91372999999847637     
   145823.16798382762      ,   3.0000001916246049E-005 ,   7.9850000000001753E-002 ,   4.4999999999999849E-003 ,  0.91561999999846777     
   146829.96437909183      ,   3.0000001916246049E-005 ,   7.8110000000002427E-002 ,   4.4199999999999882E-003 ,  0.91743999999845949     
   147834.47957208808      ,   3.0000001916246049E-005 ,   7.6320000000003121E-002 ,   4.2999999999999931E-003 ,  0.91934999999845080     
   148835.89336390249      ,   3.0000001916246049E-005 ,   7.4420000000003858E-002 ,   4.2599999999999947E-003 ,  0.92128999999844197     
   149840.89097494708      ,   3.0000001916246049E-005 ,   7.2750000000004506E-002 ,   4.2099999999999967E-003 ,  0.92300999999843414     
   150851.97398904487      ,   3.0000001916246049E-005 ,   7.0900000000005223E-002 ,   4.1300000000000000E-003 ,  0.92493999999842536     
   151852.59184020883      ,   3.0000001916246049E-005 ,   6.9150000000005901E-002 ,   4.1300000000000000E-003 ,  0.92668999999841739     
   152861.97249493928      ,   3.0000001916246049E-005 ,   6.7530000000006529E-002 ,   4.0900000000000016E-003 ,  0.92834999999840984     
   153864.89101542020      ,   3.0000001916246049E-005 ,   6.6000000000007122E-002 ,   4.0700000000000024E-003 ,  0.92989999999840278     
   154874.57293736961      ,   3.0000001916246049E-005 ,   6.4510000000007700E-002 ,   3.9300000000000081E-003 ,  0.93152999999839536     
   155877.02364159015      ,   3.0000001916246049E-005 ,   6.3090000000008251E-002 ,   4.0100000000000049E-003 ,  0.93286999999838927     
   156879.29826198792      ,   2.0000001916246050E-005 ,   6.1420000000008149E-002 ,   4.0700000000000024E-003 ,  0.93448999999838189     
   157886.07513040304      ,   2.0000001916246050E-005 ,   5.9970000000007705E-002 ,   4.0000000000000053E-003 ,  0.93600999999837498     
   158887.50974370612      ,   2.0000001916246050E-005 ,   5.8420000000007230E-002 ,   3.9400000000000077E-003 ,  0.93761999999836765     
   159893.60689908691      ,   2.0000001916246050E-005 ,   5.7040000000006807E-002 ,   3.9000000000000089E-003 ,  0.93903999999836119     
   160894.29193531256      ,   2.0000001916246050E-005 ,   5.5730000000006406E-002 ,   4.0000000000000053E-003 ,  0.94024999999835568     
   161897.13153322443      ,   2.0000001916246050E-005 ,   5.4700000000006091E-002 ,   3.8900000000000089E-003 ,  0.94138999999835049     
   162899.77390811811      ,   2.0000001916246050E-005 ,   5.3390000000005690E-002 ,   3.7700000000000086E-003 ,  0.94281999999834398     
   163900.29672365283      ,   2.0000001916246050E-005 ,   5.2120000000005301E-002 ,   3.6500000000000083E-003 ,  0.94420999999833766     
   164901.59021879773      ,   2.0000001916246050E-005 ,   5.0790000000004894E-002 ,   3.5800000000000081E-003 ,  0.94560999999833129     
   165901.87550146077      ,   2.0000001916246050E-005 ,   4.9580000000004523E-002 ,   3.4700000000000078E-003 ,  0.94692999999832528     
   166909.42915000694      ,   2.0000001916246050E-005 ,   4.8420000000004168E-002 ,   3.4800000000000078E-003 ,  0.94807999999832004     
   167912.05273504590      ,   2.0000001916246050E-005 ,   4.7350000000003840E-002 ,   3.4500000000000077E-003 ,  0.94917999999831504     
   168912.73439942711      ,   2.0000001916246050E-005 ,   4.6230000000003497E-002 ,   3.3400000000000075E-003 ,  0.95040999999830944     
   169913.56287276265      ,   2.0000001916246050E-005 ,   4.5110000000003155E-002 ,   3.2800000000000073E-003 ,  0.95158999999830407     
   170917.22144775782      ,   2.0000001916246050E-005 ,   4.4190000000002873E-002 ,   3.1900000000000071E-003 ,  0.95259999999829947     
   171918.77090389046      ,   2.0000001916246050E-005 ,   4.3160000000002557E-002 ,   3.2200000000000071E-003 ,  0.95359999999829492     
   172924.24216039208      ,   2.0000001916246050E-005 ,   4.2220000000002270E-002 ,   3.1700000000000070E-003 ,  0.95458999999829042     
   173926.16074532119      ,   2.0000001916246050E-005 ,   4.1250000000001973E-002 ,   3.1000000000000068E-003 ,  0.95562999999828568     
   174933.37155759800      ,   2.0000001916246050E-005 ,   4.0360000000001700E-002 ,   3.0900000000000068E-003 ,  0.95652999999828159     
   175935.50707399880      ,   2.0000001916246050E-005 ,   3.9520000000001443E-002 ,   2.9800000000000065E-003 ,  0.95747999999827726     
   176938.01297532101      ,   2.0000001916246050E-005 ,   3.8690000000001189E-002 ,   2.8700000000000062E-003 ,  0.95841999999827299     
   177958.44123435527      ,   2.0000001916246050E-005 ,   3.7790000000000913E-002 ,   2.7600000000000059E-003 ,  0.95942999999826839     
   178981.66062252384      ,   2.0000001916246050E-005 ,   3.7140000000000714E-002 ,   2.6300000000000056E-003 ,  0.96020999999826484     
   179985.95744870952      ,   2.0000001916246050E-005 ,   3.6310000000000460E-002 ,   2.5900000000000055E-003 ,  0.96107999999826088     
   180988.36326037528      ,   2.0000001916246050E-005 ,   3.5480000000000206E-002 ,   2.5900000000000055E-003 ,  0.96190999999825710     
   182012.10254414225      ,   2.0000001916246050E-005 ,   3.4569999999999927E-002 ,   2.5400000000000054E-003 ,  0.96286999999825273     
   183016.99404228001      ,   2.0000001916246050E-005 ,   3.3699999999999661E-002 ,   2.3800000000000049E-003 ,  0.96389999999824805     
   184025.18723219953      ,   2.0000001916246050E-005 ,   3.2809999999999388E-002 ,   2.3400000000000048E-003 ,  0.96482999999824381     
   185027.19484408139      ,   2.0000001916246050E-005 ,   3.1979999999999134E-002 ,   2.2800000000000047E-003 ,  0.96571999999823976     
   186032.03273501291      ,   2.0000001916246050E-005 ,   3.1269999999998917E-002 ,   2.2300000000000045E-003 ,  0.96647999999823631     
   187057.61254046744      ,   1.0000001916246049E-005 ,   3.0619999999998940E-002 ,   2.1400000000000043E-003 ,  0.96722999999823289     
   188066.23621761263      ,   1.0000001916246049E-005 ,   2.9999999999998965E-002 ,   2.1200000000000043E-003 ,  0.96786999999822998     
   189078.65296418063      ,   1.0000001916246049E-005 ,   2.9159999999998999E-002 ,   2.1300000000000043E-003 ,  0.96869999999822620     
   190079.10448929609      ,   1.0000001916246049E-005 ,   2.8529999999999025E-002 ,   2.0800000000000042E-003 ,  0.96937999999822311     
   191099.22390134083      ,   1.0000001916246049E-005 ,   2.7839999999999053E-002 ,   2.0600000000000041E-003 ,  0.97008999999821988     
   192104.92537416925      ,   1.0000001916246049E-005 ,   2.7129999999999082E-002 ,   2.0800000000000042E-003 ,  0.97077999999821674     
   193105.80767099498      ,   1.0000001916246049E-005 ,   2.6619999999999103E-002 ,   2.0000000000000039E-003 ,  0.97136999999821405     
   194112.28137168367      ,   1.0000001916246049E-005 ,   2.6039999999999126E-002 ,   1.9700000000000039E-003 ,  0.97197999999821127     
   195127.08892407260      ,   1.0000001916246049E-005 ,   2.5459999999999150E-002 ,   1.8700000000000036E-003 ,  0.97265999999820818     
   196128.65417829531      ,   1.0000001916246049E-005 ,   2.4689999999999181E-002 ,   1.9400000000000038E-003 ,  0.97335999999820499     
   197132.61116291437      ,   1.0000001916246049E-005 ,   2.4179999999999202E-002 ,   1.9700000000000039E-003 ,  0.97383999999820281     
   198142.43695584132      ,   1.0000001916246049E-005 ,   2.3869999999999215E-002 ,   1.9000000000000037E-003 ,  0.97421999999820108     
   199157.06251572951      ,   1.0000001916246049E-005 ,   2.3229999999999241E-002 ,   1.9000000000000037E-003 ,  0.97485999999819817     
   200166.48061341580      ,   1.0000001916246049E-005 ,   2.2749999999999260E-002 ,   1.8900000000000037E-003 ,  0.97534999999819594     
   201215.66518279343      ,   1.0000001916246049E-005 ,   2.2069999999999288E-002 ,   1.9000000000000037E-003 ,  0.97601999999819289     
   202251.65297846374      ,   1.0000001916246049E-005 ,   2.1589999999999308E-002 ,   1.8600000000000036E-003 ,  0.97653999999819052     
   203275.47798192909      ,   1.0000001916246049E-005 ,   2.1239999999999322E-002 ,   1.8400000000000035E-003 ,  0.97690999999818884     
   204276.40682702555      ,   1.0000001916246049E-005 ,   2.0679999999999345E-002 ,   1.7800000000000034E-003 ,  0.97752999999818602     
   205289.42389230637      ,   1.0000001916246049E-005 ,   2.0319999999999359E-002 ,   1.6900000000000031E-003 ,  0.97797999999818397     
   206295.77681806774      ,   1.0000001916246049E-005 ,   1.9859999999999378E-002 ,   1.5800000000000028E-003 ,  0.97854999999818137     
   207297.28633806744      ,   1.0000001916246049E-005 ,   1.9359999999999399E-002 ,   1.5600000000000028E-003 ,  0.97906999999817901     
   208298.17098984087      ,   1.0000001916246049E-005 ,   1.8849999999999419E-002 ,   1.5800000000000028E-003 ,  0.97955999999817678     
   209351.43744976129      ,   1.0000001916246049E-005 ,   1.8249999999999444E-002 ,   1.5600000000000028E-003 ,  0.98017999999817396     
   210375.77205539655      ,   1.0000001916246049E-005 ,   1.7729999999999465E-002 ,   1.6000000000000029E-003 ,  0.98065999999817177     
   211380.52678298258      ,   1.0000001916246049E-005 ,   1.7379999999999479E-002 ,   1.5800000000000028E-003 ,  0.98102999999817009     
   212416.31208580453      ,   1.0000001916246049E-005 ,   1.7039999999999493E-002 ,   1.5400000000000027E-003 ,  0.98140999999816836     
   213425.77377806292      ,   1.0000001916246049E-005 ,   1.6469999999999516E-002 ,   1.6800000000000031E-003 ,  0.98183999999816640     
   214431.45271722125      ,   1.0000001916246049E-005 ,   1.6069999999999533E-002 ,   1.7000000000000032E-003 ,  0.98221999999816467     
   215437.21289710377      ,   1.0000001916246049E-005 ,   1.5699999999999548E-002 ,   1.6700000000000031E-003 ,  0.98261999999816285     
   216446.08689009771      ,   1.0000001916246049E-005 ,   1.5329999999999563E-002 ,   1.7000000000000032E-003 ,  0.98295999999816130     
   217448.13857849559      ,   1.0000001916246049E-005 ,   1.5039999999999575E-002 ,   1.6400000000000030E-003 ,  0.98330999999815971     
   218503.09652550853      ,   1.0000001916246049E-005 ,   1.4709999999999588E-002 ,   1.5500000000000028E-003 ,  0.98372999999815780     
   219554.15234200037      ,   1.0000001916246049E-005 ,   1.4389999999999601E-002 ,   1.5100000000000027E-003 ,  0.98408999999815616     
   220621.82771885704      ,   1.0000001916246049E-005 ,   1.4039999999999615E-002 ,   1.4500000000000025E-003 ,  0.98449999999815430     
   221651.22375767416      ,   1.0000001916246049E-005 ,   1.3829999999999624E-002 ,   1.3800000000000023E-003 ,  0.98477999999815302     
   222691.31702941790      ,   1.0000001916246049E-005 ,   1.3419999999999641E-002 ,   1.4300000000000024E-003 ,  0.98513999999815138     
   223696.51074262933      ,   1.0000001916246049E-005 ,   1.3159999999999651E-002 ,   1.4200000000000024E-003 ,  0.98540999999815015     
   224721.20054749612      ,   1.0000001916246049E-005 ,   1.2909999999999661E-002 ,   1.3500000000000022E-003 ,  0.98572999999814870     
   225737.56902429750      ,   1.0000001916246049E-005 ,   1.2719999999999669E-002 ,   1.3200000000000022E-003 ,  0.98594999999814770     
   226772.45637034121      ,   1.0000001916246049E-005 ,   1.2439999999999680E-002 ,   1.3200000000000022E-003 ,  0.98622999999814642     
   227799.04459510808      ,   1.0000001916246049E-005 ,   1.2299999999999686E-002 ,   1.2400000000000020E-003 ,  0.98644999999814542     
   228801.81652071737      ,   1.0000001916246049E-005 ,   1.2099999999999694E-002 ,   1.1500000000000017E-003 ,  0.98673999999814410     
   229827.23519915820      ,   1.0000001916246049E-005 ,   1.1839999999999705E-002 ,   1.1500000000000017E-003 ,  0.98699999999814292     
   230831.49456701340      ,   1.0000001916246049E-005 ,   1.1649999999999713E-002 ,   1.0800000000000015E-003 ,  0.98725999999814174     
   231863.42534294407      ,   1.0000001916246049E-005 ,   1.1409999999999722E-002 ,   1.0500000000000015E-003 ,  0.98752999999814051     
   232866.98947797914      ,   1.0000001916246049E-005 ,   1.1179999999999732E-002 ,   1.0200000000000014E-003 ,  0.98778999999813932     
   233882.04086128433      ,   1.0000001916246049E-005 ,   1.0879999999999744E-002 ,   9.8000000000000127E-004 ,  0.98812999999813778     
   234897.85551294466      ,   1.0000001916246049E-005 ,   1.0709999999999751E-002 ,   9.2000000000000111E-004 ,  0.98835999999813673     
   235929.81015333399      ,   1.0000001916246049E-005 ,   1.0449999999999762E-002 ,   9.7000000000000124E-004 ,  0.98856999999813577     
   236959.62661695667      ,   1.0000001916246049E-005 ,   1.0169999999999773E-002 ,   9.9000000000000130E-004 ,  0.98882999999813459     
   238023.03395951175      ,   1.0000001916246049E-005 ,   1.0009999999999779E-002 ,   9.6000000000000122E-004 ,  0.98901999999813373     
   239096.42524599281      ,   1.0000001916246049E-005 ,   9.7899999999997885E-003 ,   1.0000000000000013E-003 ,  0.98919999999813291     
   240193.26285882026      ,   1.0000001916246049E-005 ,   9.5199999999997995E-003 ,   1.0000000000000013E-003 ,  0.98946999999813168     
   241197.28256355523      ,   1.0000001916246049E-005 ,   9.3699999999998056E-003 ,   9.4000000000000116E-004 ,  0.98967999999813072     
   242316.51778945955      ,   1.0000001916246049E-005 ,   9.1799999999998133E-003 ,   8.8000000000000101E-004 ,  0.98992999999812958     
   243320.30803321238      ,   1.0000001916246049E-005 ,   8.9099999999998243E-003 ,   8.9000000000000103E-004 ,  0.99018999999812840     
   244348.23319043295      ,   1.0000001916246049E-005 ,   8.6399999999998353E-003 ,   9.0000000000000106E-004 ,  0.99044999999812722     
   245387.69693371595      ,   1.0000001916246049E-005 ,   8.4599999999998426E-003 ,   8.7000000000000098E-004 ,  0.99065999999812626     
   246424.22530776888      ,   1.0000001916246049E-005 ,   8.2999999999998492E-003 ,   8.7000000000000098E-004 ,  0.99081999999812553     
   247442.42619831872      ,   1.0000001916246049E-005 ,   8.0799999999998581E-003 ,   8.6000000000000095E-004 ,  0.99104999999812449     
   248466.72209708716      ,   1.0000001916246049E-005 ,   7.8999999999998655E-003 ,   8.3000000000000088E-004 ,  0.99125999999812353     
   249564.42071634287      ,   1.0000001916246049E-005 ,   7.6999999999998736E-003 ,   8.3000000000000088E-004 ,  0.99145999999812262     
   250607.66726678639      ,   1.0000001916246049E-005 ,   7.4399999999998842E-003 ,   8.9000000000000103E-004 ,  0.99165999999812171     
   251648.01241753300      ,   1.0000001916246049E-005 ,   7.2699999999998911E-003 ,   8.5000000000000093E-004 ,  0.99186999999812075     
   252660.54232184560      ,   1.0000001916246049E-005 ,   7.0899999999998985E-003 ,   8.3000000000000088E-004 ,  0.99206999999811984     
   253692.44848124756      ,   1.0000001916246049E-005 ,   6.8699999999999074E-003 ,   7.9000000000000077E-004 ,  0.99232999999811866     
   254758.80049998398      ,   1.0000001916246049E-005 ,   6.7099999999999139E-003 ,   7.5000000000000067E-004 ,  0.99252999999811775     
   255791.02938794330      ,   1.0000001916246049E-005 ,   6.4899999999999229E-003 ,   7.2000000000000059E-004 ,  0.99277999999811661     
   256803.43933889276      ,   1.0000001916246049E-005 ,   6.3199999999999298E-003 ,   6.5000000000000040E-004 ,  0.99301999999811552     
   257806.63247929775      ,   1.0000001916246049E-005 ,   6.2299999999999335E-003 ,   6.3000000000000035E-004 ,  0.99312999999811502     
   258828.61568315743      ,   1.0000001916246049E-005 ,   6.1299999999999376E-003 ,   5.9000000000000025E-004 ,  0.99326999999811438     
   259890.01634799197      ,   1.0000001916246049E-005 ,   6.0099999999999425E-003 ,   5.8000000000000022E-004 ,  0.99339999999811379     
   260966.39018031734      ,   1.0000001916246049E-005 ,   5.7999999999999510E-003 ,   5.8000000000000022E-004 ,  0.99360999999811284     
   262124.51126612388      ,   1.0000001916246049E-005 ,   5.6599999999999567E-003 ,   6.1000000000000030E-004 ,  0.99371999999811234     
   263178.54193158844      ,   1.0000001916246049E-005 ,   5.5799999999999600E-003 ,   6.1000000000000030E-004 ,  0.99379999999811197     
   264374.78796346136      ,   1.0000001916246049E-005 ,   5.4099999999999669E-003 ,   6.4000000000000038E-004 ,  0.99393999999811133     
   265382.36483670905      ,   1.0000001916246049E-005 ,   5.2999999999999714E-003 ,   6.2000000000000033E-004 ,  0.99406999999811074     
   266412.91349475295      ,   1.0000001916246049E-005 ,   5.1799999999999763E-003 ,   5.8000000000000022E-004 ,  0.99422999999811001     
   267415.11922377278      ,   1.0000001916246049E-005 ,   5.0499999999999816E-003 ,   5.6000000000000017E-004 ,  0.99437999999810933     
   268416.41229860461      ,   1.0000001916246049E-005 ,   4.9899999999999840E-003 ,   5.5000000000000014E-004 ,  0.99444999999810901     
   269423.38949360815      ,   1.0000001916246049E-005 ,   4.7999999999999918E-003 ,   5.4000000000000012E-004 ,  0.99464999999810810     
   270435.01037689892      ,   1.0000001916246049E-005 ,   4.7299999999999946E-003 ,   5.1000000000000004E-004 ,  0.99474999999810765     
   271474.83069097903      ,   1.0000001916246049E-005 ,   4.6299999999999987E-003 ,   5.4000000000000012E-004 ,  0.99481999999810733     
   272506.90079374367      ,   1.0000001916246049E-005 ,   4.5200000000000032E-003 ,   5.2000000000000006E-004 ,  0.99494999999810674     
   273601.51219746011      ,   1.0000001916246049E-005 ,   4.4100000000000077E-003 ,   5.2000000000000006E-004 ,  0.99505999999810624     
   274603.22101835062      ,   1.0000001916246049E-005 ,   4.3100000000000117E-003 ,   5.1000000000000004E-004 ,  0.99516999999810574     
   275659.46761104040      ,   1.0000001916246049E-005 ,   4.2300000000000150E-003 ,   4.5999999999999991E-004 ,  0.99529999999810514     
   276752.29233382794      ,   1.0000001916246049E-005 ,   4.1400000000000187E-003 ,   4.3999999999999985E-004 ,  0.99540999999810464     
   277758.53338683984      ,   1.0000001916246049E-005 ,   4.0500000000000223E-003 ,   4.2999999999999983E-004 ,  0.99550999999810419     
   278778.87868114572      ,   1.0000001916246049E-005 ,   3.9400000000000268E-003 ,   4.3999999999999985E-004 ,  0.99560999999810373     
   279855.98750835948      ,   1.0000001916246049E-005 ,   3.7800000000000277E-003 ,   4.6999999999999993E-004 ,  0.99573999999810314     
   280937.55202200718      ,   1.0000001916246049E-005 ,   3.7100000000000275E-003 ,   4.5999999999999991E-004 ,  0.99581999999810278     
   282089.30838945718      ,   1.0000001916246049E-005 ,   3.6900000000000275E-003 ,   4.3999999999999985E-004 ,  0.99585999999810260     
   283196.18952200259      ,   1.0000001916246049E-005 ,   3.5600000000000271E-003 ,   4.3999999999999985E-004 ,  0.99598999999810200     
   284297.98943038029      ,   1.0000001916246049E-005 ,   3.4300000000000268E-003 ,   4.2999999999999983E-004 ,  0.99612999999810137     
   285345.86757826258      ,   1.0000001916246049E-005 ,   3.3300000000000265E-003 ,   4.1999999999999980E-004 ,  0.99623999999810087     
   286520.68397962960      ,   1.0000001916246049E-005 ,   3.2300000000000263E-003 ,   4.0999999999999977E-004 ,  0.99634999999810037     
   287647.33433064859      ,   1.0000001916246049E-005 ,   3.1500000000000260E-003 ,   4.0999999999999977E-004 ,  0.99642999999810000     
   288871.28030764649      ,   1.0000001916246049E-005 ,   3.1200000000000260E-003 ,   4.0999999999999977E-004 ,  0.99645999999809987     
   290098.85255360662      ,   1.0000001916246049E-005 ,   3.0400000000000258E-003 ,   4.0999999999999977E-004 ,  0.99653999999809950     
   291131.17269031913      ,   1.0000001916246049E-005 ,   2.9800000000000256E-003 ,   4.0999999999999977E-004 ,  0.99659999999809923     
   292139.53745996038      ,   1.0000001916246049E-005 ,   2.8900000000000254E-003 ,   4.0999999999999977E-004 ,  0.99668999999809882     
   293229.23829350277      ,   1.0000001916246049E-005 ,   2.8300000000000252E-003 ,   4.2999999999999983E-004 ,  0.99672999999809864     
   294244.80007274187      ,   1.0000001916246049E-005 ,   2.7700000000000250E-003 ,   3.8999999999999972E-004 ,  0.99682999999809818     
   295321.64673372306      ,   1.0000001916246049E-005 ,   2.6900000000000248E-003 ,   3.6999999999999967E-004 ,  0.99692999999809773     
   296494.83025635086      ,   1.0000001916246049E-005 ,   2.6500000000000247E-003 ,   3.3999999999999959E-004 ,  0.99699999999809741     
   297529.95501076255      ,   1.0000001916246049E-005 ,   2.5600000000000245E-003 ,   3.1999999999999954E-004 ,  0.99710999999809691     
