   0.0000000000000000      ,  0.99999899999999997      ,   9.9999999999999995E-007 ,   0.0000000000000000      ,   0.0000000000000000     
   299.86931025533590      ,  0.99999799999999994      ,   1.9999999999999999E-006 ,   0.0000000000000000      ,   0.0000000000000000     
   444.81269364906245      ,  0.99999699999999991      ,   3.0000000000000001E-006 ,   0.0000000000000000      ,   0.0000000000000000     
   512.71829051496445      ,  0.99999599999999988      ,   3.9999999999999998E-006 ,   0.0000000000000000      ,   0.0000000000000000     
   546.09290162858713      ,  0.99999499999999986      ,   4.9999999999999996E-006 ,   0.0000000000000000      ,   0.0000000000000000     
   584.02852001889039      ,  0.99999399999999983      ,   5.9999999999999993E-006 ,   0.0000000000000000      ,   0.0000000000000000     
   637.58596498893223      ,  0.99999099999999974      ,   9.0000000000000002E-006 ,   0.0000000000000000      ,   0.0000000000000000     
   659.01228679826329      ,  0.99998999999999971      ,   1.0000000000000001E-005 ,   0.0000000000000000      ,   0.0000000000000000     
   672.10915077153368      ,  0.99998899999999968      ,   1.1000000000000001E-005 ,   0.0000000000000000      ,   0.0000000000000000     
   684.06469251797489      ,  0.99998799999999965      ,   1.2000000000000002E-005 ,   0.0000000000000000      ,   0.0000000000000000     
   710.54477807186822      ,  0.99998499999999957      ,   1.5000000000000004E-005 ,   0.0000000000000000      ,   0.0000000000000000     
   726.16811973743370      ,  0.99998299999999951      ,   1.7000000000000003E-005 ,   0.0000000000000000      ,   0.0000000000000000     
   766.00951937281081      ,  0.99998199999999948      ,   1.8000000000000004E-005 ,   0.0000000000000000      ,   0.0000000000000000     
   776.52705319666632      ,  0.99997899999999940      ,   2.1000000000000006E-005 ,   0.0000000000000000      ,   0.0000000000000000     
   787.30618721617611      ,  0.99997499999999928      ,   2.5000000000000008E-005 ,   0.0000000000000000      ,   0.0000000000000000     
   807.85420216474586      ,  0.99997299999999922      ,   2.7000000000000009E-005 ,   0.0000000000000000      ,   0.0000000000000000     
   824.63574818293932      ,  0.99996799999999908      ,   3.2000000000000005E-005 ,   0.0000000000000000      ,   0.0000000000000000     
   839.95864552324997      ,  0.99996699999999905      ,   3.3000000000000003E-005 ,   0.0000000000000000      ,   0.0000000000000000     
   858.28225715020289      ,  0.99996499999999899      ,   3.4999999999999997E-005 ,   0.0000000000000000      ,   0.0000000000000000     
   868.50420466269998      ,  0.99995999999999885      ,   3.9999999999999983E-005 ,   0.0000000000000000      ,   0.0000000000000000     
   880.49505521333788      ,  0.99995599999999873      ,   4.3999999999999972E-005 ,   0.0000000000000000      ,   0.0000000000000000     
   893.25029864540647      ,  0.99995299999999865      ,   4.6999999999999963E-005 ,   0.0000000000000000      ,   0.0000000000000000     
   905.06150779373979      ,  0.99994899999999853      ,   5.0999999999999952E-005 ,   0.0000000000000000      ,   0.0000000000000000     
   922.37718472923370      ,  0.99994499999999842      ,   5.4999999999999941E-005 ,   0.0000000000000000      ,   0.0000000000000000     
   933.24887037764518      ,  0.99993799999999822      ,   6.1999999999999921E-005 ,   0.0000000000000000      ,   0.0000000000000000     
   943.93475477064158      ,  0.99993499999999813      ,   6.4999999999999913E-005 ,   0.0000000000000000      ,   0.0000000000000000     
   956.35029565798720      ,  0.99992999999999799      ,   6.9999999999999899E-005 ,   0.0000000000000000      ,   0.0000000000000000     
   966.72408206602427      ,  0.99992399999999781      ,   7.5999999999999882E-005 ,   0.0000000000000000      ,   0.0000000000000000     
   978.33876066077244      ,  0.99991999999999770      ,   7.9999999999999871E-005 ,   0.0000000000000000      ,   0.0000000000000000     
   990.91586993527903      ,  0.99991599999999758      ,   8.3999999999999860E-005 ,   0.0000000000000000      ,   0.0000000000000000     
   1001.1657296878811      ,  0.99990699999999733      ,   9.2999999999999835E-005 ,   0.0000000000000000      ,   0.0000000000000000     
   1012.5312417251504      ,  0.99989999999999712      ,   9.9999999999999815E-005 ,   0.0000000000000000      ,   0.0000000000000000     
   1022.5583655301805      ,  0.99989299999999692      ,   1.0699999999999980E-004 ,   0.0000000000000000      ,   0.0000000000000000     
   1033.1306492312881      ,  0.99988599999999672      ,   1.1399999999999978E-004 ,   0.0000000000000000      ,   0.0000000000000000     
   1043.3614170569788      ,  0.99988199999999661      ,   1.1799999999999976E-004 ,   0.0000000000000000      ,   0.0000000000000000     
   1054.3781065158894      ,  0.99987699999999646      ,   1.2299999999999976E-004 ,   0.0000000000000000      ,   0.0000000000000000     
   1064.6568398154827      ,  0.99987299999999635      ,   1.2699999999999975E-004 ,   0.0000000000000000      ,   0.0000000000000000     
   1075.8291853005308      ,  0.99986299999999606      ,   1.3699999999999973E-004 ,   0.0000000000000000      ,   0.0000000000000000     
   1087.9139824979750      ,  0.99985299999999577      ,   1.4699999999999970E-004 ,   0.0000000000000000      ,   0.0000000000000000     
   1103.7100863592193      ,  0.99984699999999560      ,   1.5299999999999968E-004 ,   0.0000000000000000      ,   0.0000000000000000     
   1114.2847942047542      ,  0.99983699999999531      ,   1.6299999999999965E-004 ,   0.0000000000000000      ,   0.0000000000000000     
   1124.7960002053414      ,  0.99982599999999500      ,   1.7399999999999962E-004 ,   0.0000000000000000      ,   0.0000000000000000     
   1135.0249886791282      ,  0.99980899999999451      ,   1.9099999999999957E-004 ,   0.0000000000000000      ,   0.0000000000000000     
   1145.7851513063033      ,  0.99980099999999428      ,   1.9899999999999955E-004 ,   0.0000000000000000      ,   0.0000000000000000     
   1157.2029539443868      ,  0.99978899999999393      ,   2.1099999999999952E-004 ,   0.0000000000000000      ,   0.0000000000000000     
   1167.8328849222128      ,  0.99977099999999341      ,   2.2899999999999947E-004 ,   0.0000000000000000      ,   0.0000000000000000     
   1177.9843002777757      ,  0.99975599999999298      ,   2.4399999999999943E-004 ,   0.0000000000000000      ,   0.0000000000000000     
   1189.7260429363189      ,  0.99973499999999238      ,   2.6499999999999994E-004 ,   0.0000000000000000      ,   0.0000000000000000     
   1200.0151959042041      ,  0.99971499999999180      ,   2.8500000000000042E-004 ,   0.0000000000000000      ,   0.0000000000000000     
   1210.0201067027629      ,  0.99969899999999134      ,   3.0100000000000081E-004 ,   0.0000000000000000      ,   0.0000000000000000     
   1220.1631406941485      ,  0.99967999999999080      ,   3.2000000000000127E-004 ,   0.0000000000000000      ,   0.0000000000000000     
   1230.2076209327372      ,  0.99966199999999028      ,   3.3800000000000171E-004 ,   0.0000000000000000      ,   0.0000000000000000     
   1240.2151526310045      ,  0.99963999999998965      ,   3.6000000000000225E-004 ,   0.0000000000000000      ,   0.0000000000000000     
   1250.5407354566128      ,  0.99961099999998881      ,   3.8900000000000295E-004 ,   0.0000000000000000      ,   0.0000000000000000     
   1260.9161062097344      ,  0.99958499999998807      ,   4.1500000000000358E-004 ,   0.0000000000000000      ,   0.0000000000000000     
   1271.0977818169206      ,  0.99956499999998749      ,   4.3500000000000407E-004 ,   0.0000000000000000      ,   0.0000000000000000     
   1281.3792599644275      ,  0.99953699999998669      ,   4.6300000000000475E-004 ,   0.0000000000000000      ,   0.0000000000000000     
   1291.3923610010395      ,  0.99950699999998582      ,   4.9300000000000548E-004 ,   0.0000000000000000      ,   0.0000000000000000     
   1301.8950368967476      ,  0.99947899999998502      ,   5.2100000000000616E-004 ,   0.0000000000000000      ,   0.0000000000000000     
   1312.1053220791457      ,  0.99945899999998444      ,   5.4100000000000664E-004 ,   0.0000000000000000      ,   0.0000000000000000     
   1322.4725491609408      ,  0.99943199999998367      ,   5.6800000000000730E-004 ,   0.0000000000000000      ,   0.0000000000000000     
   1332.7928346504002      ,  0.99940399999998286      ,   5.9600000000000798E-004 ,   0.0000000000000000      ,   0.0000000000000000     
   1343.4960616434416      ,  0.99936999999998188      ,   6.3000000000000881E-004 ,   0.0000000000000000      ,   0.0000000000000000     
   1353.5763585475220      ,  0.99933399999998085      ,   6.6600000000000968E-004 ,   0.0000000000000000      ,   0.0000000000000000     
   1363.8278994364891      ,  0.99929599999997976      ,   7.0400000000001061E-004 ,   0.0000000000000000      ,   0.0000000000000000     
   1374.1250858662527      ,  0.99926299999997881      ,   7.3700000000001141E-004 ,   0.0000000000000000      ,   0.0000000000000000     
   1384.1299567924063      ,  0.99922599999997774      ,   7.7400000000001231E-004 ,   0.0000000000000000      ,   0.0000000000000000     
   1394.1705807950466      ,  0.99919899999997697      ,   8.0100000000001296E-004 ,   0.0000000000000000      ,   0.0000000000000000     
   1404.2735442243636      ,  0.99915799999997579      ,   8.4200000000001396E-004 ,   0.0000000000000000      ,   0.0000000000000000     
   1414.4968862554529      ,  0.99910699999997432      ,   8.9300000000001520E-004 ,   0.0000000000000000      ,   0.0000000000000000     
   1424.6642954492540      ,  0.99905299999997277      ,   9.4700000000001651E-004 ,   0.0000000000000000      ,   0.0000000000000000     
   1434.7146919566342      ,  0.99900599999997142      ,   9.9400000000001570E-004 ,   0.0000000000000000      ,   0.0000000000000000     
   1444.7476641656724      ,  0.99895099999996984      ,   1.0490000000000111E-003 ,   0.0000000000000000      ,   0.0000000000000000     
   1454.7608408000012      ,  0.99890199999996843      ,   1.0980000000000070E-003 ,   0.0000000000000000      ,   0.0000000000000000     
   1465.0034953289037      ,  0.99882999999996636      ,   1.1700000000000009E-003 ,   0.0000000000000000      ,   0.0000000000000000     
   1475.2444414820809      ,  0.99875799999996429      ,   1.2419999999999948E-003 ,   0.0000000000000000      ,   0.0000000000000000     
   1485.3211738530192      ,  0.99866899999996173      ,   1.3309999999999874E-003 ,   0.0000000000000000      ,   0.0000000000000000     
   1495.3936469678290      ,  0.99859999999995974      ,   1.3999999999999816E-003 ,   0.0000000000000000      ,   0.0000000000000000     
   1505.6014442727089      ,  0.99851599999995733      ,   1.4839999999999745E-003 ,   0.0000000000000000      ,   0.0000000000000000     
   1515.6052786536914      ,  0.99842499999995471      ,   1.5749999999999668E-003 ,   0.0000000000000000      ,   0.0000000000000000     
   1525.7095139240043      ,  0.99835499999995270      ,   1.6449999999999609E-003 ,   0.0000000000000000      ,   0.0000000000000000     
   1535.7458424018660      ,  0.99827999999995054      ,   1.7199999999999546E-003 ,   0.0000000000000000      ,   0.0000000000000000     
   1545.9387864873474      ,  0.99819899999994821      ,   1.8009999999999478E-003 ,   0.0000000000000000      ,   0.0000000000000000     
   1556.0547024679538      ,  0.99808999999994508      ,   1.9099999999999387E-003 ,   0.0000000000000000      ,   0.0000000000000000     
   1566.0640807458008      ,  0.99799299999994229      ,   2.0069999999999420E-003 ,   0.0000000000000000      ,   0.0000000000000000     
   1576.1618746520792      ,  0.99786499999993861      ,   2.1349999999999590E-003 ,   0.0000000000000000      ,   0.0000000000000000     
   1586.3053282809401      ,  0.99774699999993521      ,   2.2529999999999746E-003 ,   0.0000000000000000      ,   0.0000000000000000     
   1596.3924784667661      ,  0.99761699999993148      ,   2.3829999999999919E-003 ,   0.0000000000000000      ,   0.0000000000000000     
   1606.5027486353486      ,  0.99747599999992742      ,   2.5240000000000106E-003 ,   0.0000000000000000      ,   0.0000000000000000     
   1616.5287113765605      ,  0.99732599999992311      ,   2.6740000000000305E-003 ,   0.0000000000000000      ,   0.0000000000000000     
   1626.5515389953762      ,  0.99717399999991874      ,   2.8260000000000507E-003 ,   0.0000000000000000      ,   0.0000000000000000     
   1636.6893950681381      ,  0.99698699999991336      ,   3.0130000000000755E-003 ,   0.0000000000000000      ,   0.0000000000000000     
   1646.7902451514699      ,  0.99681099999990830      ,   3.1890000000000989E-003 ,   0.0000000000000000      ,   0.0000000000000000     
   1656.8124551397905      ,  0.99662999999990309      ,   3.3700000000001229E-003 ,   0.0000000000000000      ,   0.0000000000000000     
   1666.8597410976113      ,  0.99646399999989832      ,   3.5360000000001449E-003 ,   0.0000000000000000      ,   0.0000000000000000     
   1676.9140371530145      ,  0.99623899999989185      ,   3.7610000000001748E-003 ,   0.0000000000000000      ,   0.0000000000000000     
   1686.9511463483361      ,  0.99600699999988518      ,   3.9930000000002056E-003 ,   0.0000000000000000      ,   0.0000000000000000     
   1697.0096494348873      ,  0.99576899999987833      ,   4.2310000000002372E-003 ,   0.0000000000000000      ,   0.0000000000000000     
   1707.0410444914426      ,  0.99553599999987163      ,   4.4640000000002681E-003 ,   0.0000000000000000      ,   0.0000000000000000     
   1717.1108905643728      ,  0.99529099999986459      ,   4.7090000000003006E-003 ,   0.0000000000000000      ,   0.0000000000000000     
   1727.1223939596343      ,  0.99500499999985637      ,   4.9950000000003386E-003 ,   0.0000000000000000      ,   0.0000000000000000     
   1737.1303264675769      ,  0.99471099999984791      ,   5.2890000000003776E-003 ,   0.0000000000000000      ,   0.0000000000000000     
   1747.1356697349609      ,  0.99442099999983957      ,   5.5790000000004161E-003 ,   0.0000000000000000      ,   0.0000000000000000     
   1757.1358039667796      ,  0.99410599999983051      ,   5.8940000000004579E-003 ,   0.0000000000000000      ,   0.0000000000000000     
   1767.1585985500933      ,  0.99373899999981996      ,   6.2600000000005065E-003 ,   0.0000000000000000      ,   9.9999999999999995E-007
   1777.1820826838409      ,  0.99337499999980949      ,   6.6240000000005548E-003 ,   0.0000000000000000      ,   9.9999999999999995E-007
   1787.1892972850858      ,  0.99303399999979969      ,   6.9650000000006001E-003 ,   0.0000000000000000      ,   9.9999999999999995E-007
   1797.2682633449722      ,  0.99266399999978905      ,   7.3350000000006492E-003 ,   0.0000000000000000      ,   9.9999999999999995E-007
   1807.2780767753859      ,  0.99223199999977663      ,   7.7670000000007065E-003 ,   0.0000000000000000      ,   9.9999999999999995E-007
   1817.3028233312968      ,  0.99183299999976515      ,   8.1660000000004524E-003 ,   0.0000000000000000      ,   9.9999999999999995E-007
   1827.3053772544595      ,  0.99137199999975190      ,   8.6270000000001137E-003 ,   0.0000000000000000      ,   9.9999999999999995E-007
   1837.3433963886491      ,  0.99090199999973838      ,   9.0969999999997685E-003 ,   0.0000000000000000      ,   9.9999999999999995E-007
   1847.3675632236072      ,  0.99040799999972418      ,   9.5909999999994056E-003 ,   0.0000000000000000      ,   9.9999999999999995E-007
   1857.3713342617509      ,  0.98987499999970885      ,   1.0122999999999015E-002 ,   0.0000000000000000      ,   1.9999999999999999E-006
   1867.3741165235022      ,  0.98930299999969240      ,   1.0694999999998595E-002 ,   0.0000000000000000      ,   1.9999999999999999E-006
   1877.3785731320686      ,  0.98871099999967538      ,   1.1286999999998160E-002 ,   0.0000000000000000      ,   1.9999999999999999E-006
   1887.3832414987949      ,  0.98806999999965694      ,   1.1927999999997689E-002 ,   0.0000000000000000      ,   1.9999999999999999E-006
   1897.3989612996993      ,  0.98740699999963788      ,   1.2590999999997202E-002 ,   0.0000000000000000      ,   1.9999999999999999E-006
   1907.4135375204044      ,  0.98667799999961692      ,   1.3317999999996668E-002 ,   0.0000000000000000      ,   3.9999999999999998E-006
   1917.4564545798189      ,  0.98591999999959512      ,   1.4075999999996111E-002 ,   0.0000000000000000      ,   3.9999999999999998E-006
   1927.4598437902482      ,  0.98512499999957226      ,   1.4865999999995530E-002 ,   0.0000000000000000      ,   9.0000000000000002E-006
   1937.4929967034232      ,  0.98432199999954917      ,   1.5666999999995015E-002 ,   0.0000000000000000      ,   1.1000000000000001E-005
   1947.4957012392390      ,  0.98343699999952372      ,   1.6550999999995899E-002 ,   0.0000000000000000      ,   1.2000000000000002E-005
   1957.4982777253078      ,  0.98254799999949816      ,   1.7437999999996786E-002 ,   0.0000000000000000      ,   1.4000000000000003E-005
   1967.5022603666405      ,  0.98158599999947049      ,   1.8397999999997746E-002 ,   0.0000000000000000      ,   1.6000000000000003E-005
   1977.5042201624533      ,  0.98054999999944070      ,   1.9431999999998780E-002 ,   0.0000000000000000      ,   1.8000000000000004E-005
   1987.5097882559705      ,  0.97951099999941083      ,   2.0469999999999818E-002 ,   0.0000000000000000      ,   1.9000000000000004E-005
   1997.5235670919274      ,  0.97836899999937799      ,   2.1612000000000960E-002 ,   0.0000000000000000      ,   1.9000000000000004E-005
   2007.5244573181285      ,  0.97717599999934368      ,   2.2803000000002151E-002 ,   0.0000000000000000      ,   2.1000000000000006E-005
   2017.5252299195092      ,  0.97591799999930751      ,   2.4059000000003408E-002 ,   0.0000000000000000      ,   2.3000000000000007E-005
   2027.5309050364392      ,  0.97462199999927024      ,   2.5352000000004701E-002 ,   0.0000000000000000      ,   2.6000000000000009E-005
   2037.5322672888813      ,  0.97326399999923119      ,   2.6705000000006054E-002 ,   0.0000000000000000      ,   3.1000000000000008E-005
   2047.5375035714674      ,  0.97179799999918903      ,   2.8166000000007515E-002 ,   0.0000000000000000      ,   3.5999999999999994E-005
   2057.5391689882490      ,  0.97028899999914564      ,   2.9671000000009020E-002 ,   0.0000000000000000      ,   3.9999999999999983E-005
   2067.5422834565652      ,  0.96864399999909834      ,   3.1311000000010657E-002 ,   0.0000000000000000      ,   4.4999999999999969E-005
   2077.5426264351386      ,  0.96695599999904980      ,   3.2994000000012340E-002 ,   0.0000000000000000      ,   4.9999999999999955E-005
   2087.5438362626323      ,  0.96503399999899453      ,   3.4910000000014256E-002 ,   0.0000000000000000      ,   5.5999999999999938E-005
   2097.5488022030304      ,  0.96311099999893923      ,   3.6826000000016172E-002 ,   0.0000000000000000      ,   6.2999999999999919E-005
   2107.5503514390293      ,  0.96115699999888304      ,   3.8777000000018123E-002 ,   0.0000000000000000      ,   6.5999999999999910E-005
   2117.5550272784385      ,  0.95902699999882179      ,   4.0897000000020244E-002 ,   0.0000000000000000      ,   7.5999999999999882E-005
   2127.5583686469918      ,  0.95684399999875902      ,   4.3071000000022418E-002 ,   0.0000000000000000      ,   8.4999999999999857E-005
   2137.5585982116204      ,  0.95459499999869435      ,   4.5307000000024654E-002 ,   0.0000000000000000      ,   9.7999999999999821E-005
   2147.5629474676621      ,  0.95226399999862732      ,   4.7627000000026974E-002 ,   0.0000000000000000      ,   1.0899999999999979E-004
   2157.5654680784114      ,  0.94981999999855704      ,   5.0062000000029409E-002 ,   0.0000000000000000      ,   1.1799999999999976E-004
   2167.5697292885284      ,  0.94722899999848253      ,   5.2639000000031987E-002 ,   0.0000000000000000      ,   1.3199999999999974E-004
   2177.5725953835672      ,  0.94438099999840064      ,   5.5475000000034823E-002 ,   0.0000000000000000      ,   1.4399999999999971E-004
   2187.5798345032354      ,  0.94141199999831526      ,   5.8420000000037768E-002 ,   0.0000000000000000      ,   1.6799999999999964E-004
   2197.5846679438037      ,  0.93836499999822764      ,   6.1447000000040795E-002 ,   0.0000000000000000      ,   1.8799999999999958E-004
   2207.5886231189511      ,  0.93512899999813459      ,   6.4662000000044004E-002 ,   0.0000000000000000      ,   2.0899999999999952E-004
   2217.5900094056733      ,  0.93170899999803625      ,   6.8065000000047407E-002 ,   0.0000000000000000      ,   2.2599999999999948E-004
   2227.5991057067708      ,  0.92811999999793304      ,   7.1632000000050974E-002 ,   0.0000000000000000      ,   2.4799999999999952E-004
   2237.5995233298850      ,  0.92447899999782834      ,   7.5254000000054597E-002 ,   0.0000000000000000      ,   2.6699999999999998E-004
   2247.6028994075932      ,  0.92062299999771746      ,   7.9083000000058426E-002 ,   0.0000000000000000      ,   2.9400000000000064E-004
   2257.6125401921631      ,  0.91650599999759907      ,   8.3165000000062508E-002 ,   0.0000000000000000      ,   3.2900000000000149E-004
   2267.6132323065021      ,  0.91214799999747376      ,   8.7485000000066829E-002 ,   0.0000000000000000      ,   3.6700000000000242E-004
   2277.6147918828547      ,  0.90760899999734324      ,   9.1985000000071329E-002 ,   0.0000000000000000      ,   4.0600000000000336E-004
   2287.6155711290912      ,  0.90286299999720676      ,   9.6686000000076031E-002 ,   0.0000000000000000      ,   4.5100000000000446E-004
   2297.6172724721655      ,  0.89797499999706620      ,  0.10152400000008087      ,   0.0000000000000000      ,   5.0100000000000567E-004
   2307.6175862543619      ,  0.89289399999692010      ,  0.10654900000008589      ,   0.0000000000000000      ,   5.5700000000000703E-004
   2317.6176360200466      ,  0.88760399999676798      ,  0.11177800000009112      ,   0.0000000000000000      ,   6.1800000000000852E-004
   2327.6198785833658      ,  0.88187599999660327      ,  0.11745000000009680      ,   0.0000000000000000      ,   6.7400000000000988E-004
   2337.6209617216559      ,  0.87600299999643438      ,  0.12324800000010259      ,   0.0000000000000000      ,   7.4900000000001170E-004
   2347.6218542962379      ,  0.86986199999625780      ,  0.12930500000010864      ,   0.0000000000000000      ,   8.3300000000001374E-004
   2357.6241789853152      ,  0.86359399999607755      ,  0.13548300000011482      ,   0.0000000000000000      ,   9.2300000000001593E-004
   2367.6246996305308      ,  0.85692099999588567      ,  0.14206000000012139      ,   0.0000000000000000      ,   1.0190000000000136E-003
   2377.6247318199930      ,  0.85022599999569315      ,  0.14864900000012798      ,   0.0000000000000000      ,   1.1250000000000047E-003
   2387.6256737838812      ,  0.84315799999548990      ,  0.15560000000013494      ,   0.0000000000000000      ,   1.2419999999999948E-003
   2397.6283703619624      ,  0.83560499999527271      ,  0.16301900000014236      ,   0.0000000000000000      ,   1.3759999999999836E-003
   2407.6295558902048      ,  0.82815199999505840      ,  0.17032200000014966      ,   0.0000000000000000      ,   1.5259999999999710E-003
   2417.6296030066082      ,  0.82025599999483134      ,  0.17808000000015742      ,   0.0000000000000000      ,   1.6639999999999593E-003
   2427.6297715576379      ,  0.81216399999459865      ,  0.18600500000016534      ,   0.0000000000000000      ,   1.8309999999999453E-003
   2437.6302232653138      ,  0.80377599999435745      ,  0.19421500000017355      ,   0.0000000000000000      ,   2.0089999999999423E-003
   2447.6332136942628      ,  0.79517799999411021      ,  0.20261000000018195      ,   0.0000000000000000      ,   2.2119999999999692E-003
   2457.6336578685618      ,  0.78634999999385635      ,  0.21122000000019056      ,   0.0000000000000000      ,   2.4299999999999981E-003
   2467.6365347060137      ,  0.77710199999359042      ,  0.22022300000019956      ,   0.0000000000000000      ,   2.6750000000000307E-003
   2477.6414279802630      ,  0.76748299999331382      ,  0.22956700000020891      ,   0.0000000000000000      ,   2.9500000000000672E-003
   2487.6431688389412      ,  0.75774599999303383      ,  0.23903800000021838      ,   0.0000000000000000      ,   3.2160000000001025E-003
   2497.6447287195306      ,  0.74765599999274368      ,  0.24881100000022816      ,   0.0000000000000000      ,   3.5330000000001445E-003
   2507.6451190649927      ,  0.73727199999244508      ,  0.25888399999999162      ,   0.0000000000000000      ,   3.8440000000001858E-003
   2517.6454647395826      ,  0.72678499999214352      ,  0.26904699999971970      ,   0.0000000000000000      ,   4.1680000000002288E-003
   2527.6456914214482      ,  0.71598099999183284      ,  0.27946699999944091      ,   0.0000000000000000      ,   4.5520000000002798E-003
   2537.6474461209841      ,  0.70482299999151199      ,  0.29019299999915393      ,   0.0000000000000000      ,   4.9840000000003371E-003
   2547.6483091284113      ,  0.69354899999118780      ,  0.30102799999886404      ,   0.0000000000000000      ,   5.4230000000003954E-003
   2557.6485495726542      ,  0.68182699999085072      ,  0.31224699999856387      ,   0.0000000000000000      ,   5.9260000000004621E-003
   2567.6487327984523      ,  0.66995199999050925      ,  0.32355599999826129      ,   0.0000000000000000      ,   6.4920000000005373E-003
   2577.6488191711946      ,  0.65787399999016194      ,  0.33508599999795280      ,   0.0000000000000000      ,   7.0400000000006100E-003
   2587.6521600223800      ,  0.64567699998981121      ,  0.34668199999764254      ,   0.0000000000000000      ,   7.6410000000006898E-003
   2597.6522612323324      ,  0.63314299998945078      ,  0.35855299999732493      ,   0.0000000000000000      ,   8.3040000000003510E-003
   2607.6556760794656      ,  0.62060399998909022      ,  0.37040999999700769      ,   0.0000000000000000      ,   8.9859999999998500E-003
   2617.6595619939217      ,  0.60783699998872309      ,  0.38247099999668499      ,   0.0000000000000000      ,   9.6919999999993314E-003
   2627.6598547835965      ,  0.59497999998835338      ,  0.39453499999636221      ,   0.0000000000000000      ,   1.0484999999998749E-002
   2637.6639842386876      ,  0.58203599998798117      ,  0.40661699999603895      ,   0.0000000000000000      ,   1.1346999999998116E-002
   2647.6645820841945      ,  0.56901799998760683      ,  0.41878099999571350      ,   0.0000000000000000      ,   1.2200999999997488E-002
   2657.6667072588875      ,  0.55584899998722814      ,  0.43101699999538612      ,   0.0000000000000000      ,   1.3133999999996803E-002
   2667.6680714368285      ,  0.54251799998684480      ,  0.44332899999505671      ,   0.0000000000000000      ,   1.4152999999996054E-002
   2677.6685845194661      ,  0.52938499998646715      ,  0.45537799999473433      ,   0.0000000000000000      ,   1.5236999999995258E-002
   2687.6688612723779      ,  0.51607199998608433      ,  0.46758199999440780      ,   0.0000000000000000      ,   1.6345999999995694E-002
   2697.6689786350566      ,  0.50279299998570248      ,  0.47968699999408393      ,   0.0000000000000000      ,   1.7519999999996868E-002
   2707.6698335084593      ,  0.48952099998590259      ,  0.49169599999376262      ,   0.0000000000000000      ,   1.8782999999998131E-002
   2717.6701314419265      ,  0.47647899998625154      ,  0.50350099999364106      ,   0.0000000000000000      ,   2.0019999999999368E-002
   2727.6703739988980      ,  0.46330799998660394      ,  0.51533399999398133      ,   0.0000000000000000      ,   2.1358000000000706E-002
   2737.6704487775660      ,  0.45041299998694895      ,  0.52678999999431075      ,   0.0000000000000000      ,   2.2797000000002145E-002
   2747.6708251316195      ,  0.43762099998729120      ,  0.53811799999463650      ,   0.0000000000000000      ,   2.4261000000003610E-002
   2757.6713626828518      ,  0.42463799998763857      ,  0.54949799999496374      ,   0.0000000000000000      ,   2.5864000000005213E-002
   2767.6718169815435      ,  0.41175999998798313      ,  0.56079799999528868      ,   0.0000000000000000      ,   2.7442000000006791E-002
   2777.6748349982754      ,  0.39913599998832089      ,  0.57170499999560231      ,   0.0000000000000000      ,   2.9159000000008508E-002
   2787.6754396606211      ,  0.38670199998865357      ,  0.58241799999591037      ,   0.0000000000000000      ,   3.0880000000010229E-002
   2797.6759686236005      ,  0.37437299998898343      ,  0.59293899999621291      ,   0.0000000000000000      ,   3.2688000000012034E-002
   2807.6760860605600      ,  0.36223799998930811      ,  0.60315499999650668      ,   0.0000000000000000      ,   3.4607000000013953E-002
   2817.6770685976990      ,  0.35041899998962434      ,  0.61295699999678854      ,   0.0000000000000000      ,   3.6624000000015970E-002
   2827.6775858479023      ,  0.33860899998994032      ,  0.62274099999706989      ,   0.0000000000000000      ,   3.8650000000017996E-002
   2837.6776745207808      ,  0.32698499999025132      ,  0.63231999999734534      ,   0.0000000000000000      ,   4.0695000000020042E-002
   2847.6779240273377      ,  0.31579999999055058      ,  0.64138399999760598      ,   0.0000000000000000      ,   4.2816000000022163E-002
   2857.6792249297209      ,  0.30468699999084792      ,  0.65024999999786093      ,   0.0000000000000000      ,   4.5063000000024410E-002
   2867.6802826030589      ,  0.29383299999113832      ,  0.65881499999810722      ,   0.0000000000000000      ,   4.7352000000026699E-002
   2877.6806165505245      ,  0.28332699999141941      ,  0.66694099999834089      ,   0.0000000000000000      ,   4.9732000000029079E-002
   2887.6823802699491      ,  0.27317699999169098      ,  0.67458499999856070      ,   0.0000000000000000      ,   5.2238000000031586E-002
   2897.6826622214085      ,  0.26330599999195509      ,  0.68183099999876906      ,   0.0000000000000000      ,   5.4863000000034211E-002
   2907.6828772284921      ,  0.25346799999221831      ,  0.68900699999897541      ,   0.0000000000000000      ,   5.7525000000036873E-002
   2917.6864802149089      ,  0.24400599999230507      ,  0.69580099999917078      ,   0.0000000000000000      ,   6.0193000000039541E-002
   2927.6868452890003      ,  0.23474099999229581      ,  0.70231499999935809      ,   0.0000000000000000      ,   6.2944000000042286E-002
   2937.6881164793426      ,  0.22574299999228681      ,  0.70859299999953862      ,   0.0000000000000000      ,   6.5664000000045006E-002
   2947.6883354142501      ,  0.21703999999227810      ,  0.71453099999970937      ,   0.0000000000000000      ,   6.8429000000047771E-002
   2957.6902884027704      ,  0.20865799999226972      ,  0.72018999999987210      ,   0.0000000000000000      ,   7.1152000000050494E-002
   2967.6905283852002      ,  0.20051299999226158      ,  0.72550200000002485      ,   0.0000000000000000      ,   7.3985000000053328E-002
   2977.6906424347153      ,  0.19269599999225376      ,  0.73035200000016431      ,   0.0000000000000000      ,   7.6952000000056295E-002
   2987.6913537489945      ,  0.18505999999224612      ,  0.73504500000029926      ,   0.0000000000000000      ,   7.9895000000059238E-002
   2997.6923622429258      ,  0.17784499999223891      ,  0.73917300000041797      ,   0.0000000000000000      ,   8.2982000000062325E-002
   3007.6929680517255      ,  0.17070699999223177      ,  0.74323200000053469      ,   0.0000000000000000      ,   8.6061000000065405E-002
   3017.6932541825868      ,  0.16376799999222483      ,  0.74706300000064485      ,   0.0000000000000000      ,   8.9169000000068513E-002
   3027.6934753116916      ,  0.15698999999221805      ,  0.75069200000074920      ,   0.0000000000000000      ,   9.2318000000071662E-002
   3037.6937809811539      ,  0.15051499999221157      ,  0.75389000000084117      ,   0.0000000000000000      ,   9.5595000000074939E-002
   3047.6945137966895      ,  0.14441099999220547      ,  0.75674600000092329      ,   0.0000000000000000      ,   9.8843000000078188E-002
   3057.6951567413457      ,  0.13845799999219952      ,  0.75940400000099972      ,   0.0000000000000000      ,  0.10213800000008148     
   3067.6965104702595      ,  0.13269799999219375      ,  0.76200000000107437      ,   0.0000000000000000      ,  0.10530200000008465     
   3077.6968597324803      ,  0.12714899999218821      ,  0.76421600000113810      ,   0.0000000000000000      ,  0.10863500000008798     
   3087.6980641557857      ,  0.12189699999218295      ,  0.76607300000119150      ,   0.0000000000000000      ,  0.11203000000009138     
   3097.7003626211404      ,  0.11679199999217785      ,  0.76785900000124285      ,   0.0000000000000000      ,  0.11534900000009470     
   3107.7010634909079      ,  0.11179299999217285      ,  0.76945700000128880      ,   0.0000000000000000      ,  0.11875000000009810     
   3117.7026106466083      ,  0.10712399999216818      ,  0.77063500000132268      ,   0.0000000000000000      ,  0.12224100000010159     
   3127.7037104647484      ,  0.10256599999216362      ,  0.77167100000135247      ,   0.0000000000000000      ,  0.12576300000010510     
   3137.7106199644450      ,   9.8251999992159306E-002 ,  0.77240800000137366      ,   0.0000000000000000      ,  0.12934000000010867     
   3147.7107043165765      ,   9.4223999992155277E-002 ,  0.77293100000138870      ,   0.0000000000000000      ,  0.13284500000011218     
   3157.7121986107500      ,   9.0303999992151357E-002 ,  0.77333600000140035      ,   0.0000000000000000      ,  0.13636000000011569     
   3167.7124822591754      ,   8.6593999992147647E-002 ,  0.77354300000140630      ,   0.0000000000000000      ,  0.13986300000011920     
   3177.7131028331905      ,   8.2831999992143884E-002 ,  0.77385900000141539      ,   0.0000000000000000      ,  0.14330900000012264     
   3187.7135538760131      ,   7.9333999992140386E-002 ,  0.77379400000141352      ,   0.0000000000000000      ,  0.14687200000012621     
   3197.7168174176813      ,   7.6085999992137138E-002 ,  0.77350100000140509      ,   0.0000000000000000      ,  0.15041300000012975     
   3207.7172367038343      ,   7.2942999992133994E-002 ,  0.77314600000139488      ,   0.0000000000000000      ,  0.15391100000013325     
   3217.7177527501190      ,   6.9792999992130844E-002 ,  0.77272600000138281      ,   0.0000000000000000      ,  0.15748100000013682     
   3227.7200368844319      ,   6.6847999992127899E-002 ,  0.77211400000136521      ,   0.0000000000000000      ,  0.16103800000014037     
   3237.7238991338581      ,   6.4117999992125169E-002 ,  0.77135300000134333      ,   0.0000000000000000      ,  0.16452900000014387     
   3247.7255183883271      ,   6.1420999992122471E-002 ,  0.77043400000131690      ,   0.0000000000000000      ,  0.16814500000014748     
   3257.7264216417011      ,   5.8868999992119919E-002 ,  0.76949300000128984      ,   0.0000000000000000      ,  0.17163800000015098     
   3267.7275117486492      ,   5.6488999992117539E-002 ,  0.76816700000125171      ,   0.0000000000000000      ,  0.17534400000015468     
   3277.7322797784113      ,   5.4155999992115206E-002 ,  0.76672200000121016      ,   0.0000000000000000      ,  0.17912200000015846     
   3287.7343511300123      ,   5.1884999992112935E-002 ,  0.76540100000117217      ,   0.0000000000000000      ,  0.18271400000016205     
   3297.7383222219628      ,   4.9756999992110806E-002 ,  0.76382500000112685      ,   0.0000000000000000      ,  0.18641800000016576     
   3307.7398195951359      ,   4.7730999992108780E-002 ,  0.76227800000108237      ,   0.0000000000000000      ,  0.18999100000016933     
   3317.7409458966545      ,   4.5721999992106771E-002 ,  0.76067400000103624      ,   0.0000000000000000      ,  0.19360400000017294     
   3327.7425272802766      ,   4.3864999992104914E-002 ,  0.75904600000098943      ,   0.0000000000000000      ,  0.19708900000017643     
   3337.7434590399303      ,   4.2120999992103170E-002 ,  0.75712500000093419      ,   0.0000000000000000      ,  0.20075400000018009     
   3347.7439794057486      ,   4.0453999992101503E-002 ,  0.75505400000087464      ,   0.0000000000000000      ,  0.20449200000018383     
   3357.7443614471413      ,   3.8780999992099829E-002 ,  0.75310500000081859      ,   0.0000000000000000      ,  0.20811400000018745     
   3367.7452653862606      ,   3.7196999992098245E-002 ,  0.75105100000075953      ,   0.0000000000000000      ,  0.21175200000019109     
   3377.7503152381573      ,   3.5757999992096806E-002 ,  0.74892200000069831      ,   0.0000000000000000      ,  0.21532000000019466     
   3387.7546789021990      ,   3.4299999992095348E-002 ,  0.74679900000063726      ,   0.0000000000000000      ,  0.21890100000019824     
   3397.7551232606725      ,   3.2942999992093991E-002 ,  0.74449700000057106      ,   0.0000000000000000      ,  0.22256000000020190     
   3407.7553630729676      ,   3.1667999992092716E-002 ,  0.74214400000050340      ,   0.0000000000000000      ,  0.22618800000020553     
   3417.7577132956571      ,   3.0409999992091458E-002 ,  0.73978500000043557      ,   0.0000000000000000      ,  0.22980500000020915     
   3427.7584280093602      ,   2.9128999992090177E-002 ,  0.73751300000037023      ,   0.0000000000000000      ,  0.23335800000021270     
   3437.7584442873845      ,   2.7954999992089002E-002 ,  0.73518000000030315      ,   0.0000000000000000      ,  0.23686500000021621     
   3447.7593807877643      ,   2.6834999992087882E-002 ,  0.73259000000022867      ,   0.0000000000000000      ,  0.24057500000021992     
   3457.7619372956970      ,   2.5776999992086824E-002 ,  0.73012500000015779      ,   0.0000000000000000      ,  0.24409800000022344     
   3467.7639603671851      ,   2.4795999992085843E-002 ,  0.72744300000008066      ,   0.0000000000000000      ,  0.24776100000022711     
   3477.7676887374082      ,   2.3814999992084862E-002 ,  0.72495000000000898      ,   0.0000000000000000      ,  0.25123500000019627     
   3487.7782350749903      ,   2.2876999992083924E-002 ,  0.72221799999993042      ,   0.0000000000000000      ,  0.25490500000009808     
   3497.7784268531777      ,   2.2003999992083051E-002 ,  0.71953099999985315      ,   0.0000000000000000      ,  0.25846500000000283     
   3507.7788742882904      ,   2.1193999992082241E-002 ,  0.71682199999977525      ,   0.0000000000000000      ,  0.26198399999990868     
   3517.7790833337885      ,   2.0443999992081491E-002 ,  0.71413099999969787      ,   0.0000000000000000      ,  0.26542499999981661     
   3527.7796585110082      ,   1.9666999992080714E-002 ,  0.71142299999962000      ,   0.0000000000000000      ,  0.26890999999972337     
   3537.7801371118203      ,   1.8905999992079953E-002 ,  0.70865499999954040      ,   0.0000000000000000      ,  0.27243899999962895     
   3547.7802943863803      ,   1.8174999992079222E-002 ,  0.70601099999946437      ,   0.0000000000000000      ,  0.27581399999953865     
   3557.7808865246993      ,   1.7477999992078525E-002 ,  0.70324599999938486      ,   0.0000000000000000      ,  0.27927599999944602     
   3567.7811944664222      ,   1.6827999992077874E-002 ,  0.70035899999930185      ,   0.0000000000000000      ,  0.28281299999935139     
   3577.7864054123816      ,   1.6226999992077273E-002 ,  0.69753999999922078      ,   0.0000000000000000      ,  0.28623299999925989     
   3587.7870813175482      ,   1.5589999992076699E-002 ,  0.69471799999913963      ,   0.0000000000000000      ,  0.28969199999916734     
