   0.0000000000000000      ,  0.99999000000000005      ,   1.0000000000000001E-005 ,   0.0000000000000000      ,   0.0000000000000000     
   29987.090775089666      ,  0.99998000000000009      ,   2.0000000000000002E-005 ,   0.0000000000000000      ,   0.0000000000000000     
   44481.583546975176      ,  0.99997000000000014      ,   3.0000000000000004E-005 ,   0.0000000000000000      ,   0.0000000000000000     
   51272.251761086089      ,  0.99996000000000018      ,   4.0000000000000003E-005 ,   0.0000000000000000      ,   0.0000000000000000     
   54609.783992484699      ,  0.99995000000000023      ,   5.0000000000000002E-005 ,   0.0000000000000000      ,   0.0000000000000000     
   58403.446881358563      ,  0.99994000000000027      ,   6.0000000000000002E-005 ,   0.0000000000000000      ,   0.0000000000000000     
   64382.070576355756      ,  0.99991000000000041      ,   8.0000000000000007E-005 ,   0.0000000000000000      ,   1.0000000000000001E-005
   66792.647357050591      ,  0.99990000000000046      ,   8.0000000000000007E-005 ,   0.0000000000000000      ,   2.0000000000000002E-005
   68429.842572356487      ,  0.99989000000000050      ,   9.0000000000000006E-005 ,   0.0000000000000000      ,   2.0000000000000002E-005
   69891.161086598353      ,  0.99988000000000055      ,   1.0000000000000000E-004 ,   0.0000000000000000      ,   2.0000000000000002E-005
   72995.613316213829      ,  0.99985000000000068      ,   1.3000000000000002E-004 ,   0.0000000000000000      ,   2.0000000000000002E-005
   74079.320110786502      ,  0.99984000000000073      ,   1.4000000000000001E-004 ,   0.0000000000000000      ,   2.0000000000000002E-005
   79307.373179039525      ,  0.99982000000000082      ,   1.6000000000000001E-004 ,   0.0000000000000000      ,   2.0000000000000002E-005
   80483.905682638244      ,  0.99979000000000096      ,   1.8000000000000001E-004 ,   0.0000000000000000      ,   3.0000000000000004E-005
   81728.754917018610      ,  0.99975000000000114      ,   2.2000000000000001E-004 ,   0.0000000000000000      ,   3.0000000000000004E-005
   84052.246528634845      ,  0.99973000000000123      ,   2.4000000000000001E-004 ,   0.0000000000000000      ,   3.0000000000000004E-005
   85918.564114102497      ,  0.99968000000000146      ,   2.9000000000000011E-004 ,   0.0000000000000000      ,   3.0000000000000004E-005
   87609.654872480576      ,  0.99967000000000150      ,   3.0000000000000014E-004 ,   0.0000000000000000      ,   3.0000000000000004E-005
   89620.865400446753      ,  0.99965000000000159      ,   3.1000000000000016E-004 ,   0.0000000000000000      ,   4.0000000000000003E-005
   90768.251837814809      ,  0.99960000000000182      ,   3.6000000000000029E-004 ,   0.0000000000000000      ,   4.0000000000000003E-005
   91796.195871510077      ,  0.99957000000000196      ,   3.9000000000000037E-004 ,   0.0000000000000000      ,   4.0000000000000003E-005
   93180.998532225261      ,  0.99954000000000209      ,   4.2000000000000045E-004 ,   0.0000000000000000      ,   4.0000000000000003E-005
   94435.493069048229      ,  0.99951000000000223      ,   4.4000000000000050E-004 ,   0.0000000000000000      ,   5.0000000000000002E-005
   96748.890669108150      ,  0.99945000000000250      ,   4.8000000000000061E-004 ,   0.0000000000000000      ,   7.0000000000000007E-005
   97992.669923975438      ,  0.99938000000000282      ,   5.4000000000000077E-004 ,   0.0000000000000000      ,   8.0000000000000007E-005
   99228.947587906892      ,  0.99935000000000296      ,   5.6000000000000082E-004 ,   0.0000000000000000      ,   9.0000000000000006E-005
   100660.75009358274      ,  0.99930000000000319      ,   6.1000000000000095E-004 ,   0.0000000000000000      ,   9.0000000000000006E-005
   101864.88645422809      ,  0.99924000000000346      ,   6.5000000000000105E-004 ,   0.0000000000000000      ,   1.1000000000000000E-004
   102887.00890813986      ,  0.99921000000000360      ,   6.7000000000000111E-004 ,   0.0000000000000000      ,   1.2000000000000000E-004
   104157.34824665514      ,  0.99918000000000373      ,   6.9000000000000116E-004 ,   1.0000000000000001E-005 ,   1.2000000000000000E-004
   105163.62603921667      ,  0.99914000000000391      ,   7.3000000000000126E-004 ,   1.0000000000000001E-005 ,   1.2000000000000000E-004
   106406.76901581191      ,  0.99905000000000432      ,   7.9000000000000142E-004 ,   3.0000000000000004E-005 ,   1.3000000000000002E-004
   108007.80253353908      ,  0.99902000000000446      ,   8.1000000000000147E-004 ,   4.0000000000000003E-005 ,   1.3000000000000002E-004
   109030.20139158960      ,  0.99896000000000473      ,   8.4000000000000155E-004 ,   6.0000000000000002E-005 ,   1.4000000000000001E-004
   110112.43502985375      ,  0.99891000000000496      ,   8.9000000000000168E-004 ,   6.0000000000000002E-005 ,   1.4000000000000001E-004
   111287.28710491686      ,  0.99888000000000510      ,   9.2000000000000176E-004 ,   6.0000000000000002E-005 ,   1.4000000000000001E-004
   112541.30071168300      ,  0.99884000000000528      ,   9.4000000000000182E-004 ,   6.0000000000000002E-005 ,   1.6000000000000001E-004
   113718.54388251553      ,  0.99883000000000532      ,   9.2000000000000176E-004 ,   8.0000000000000007E-005 ,   1.7000000000000001E-004
   115023.45596244815      ,  0.99876000000000564      ,   9.8000000000000192E-004 ,   7.0000000000000007E-005 ,   1.9000000000000001E-004
   116096.19679802633      ,  0.99868000000000601      ,   1.0400000000000021E-003 ,   7.0000000000000007E-005 ,   2.1000000000000001E-004
   117220.46706007198      ,  0.99863000000000623      ,   1.0700000000000022E-003 ,   8.0000000000000007E-005 ,   2.2000000000000001E-004
   118501.17846361060      ,  0.99858000000000646      ,   1.1100000000000023E-003 ,   8.0000000000000007E-005 ,   2.3000000000000001E-004
   119521.61347958987      ,  0.99857000000000651      ,   1.0900000000000022E-003 ,   1.0000000000000000E-004 ,   2.4000000000000001E-004
   120865.51761872736      ,  0.99850000000000683      ,   1.1400000000000023E-003 ,   1.1000000000000000E-004 ,   2.5000000000000001E-004
   121918.26088659701      ,  0.99844000000000710      ,   1.1800000000000024E-003 ,   1.1000000000000000E-004 ,   2.7000000000000006E-004
   122956.10591654369      ,  0.99835000000000751      ,   1.2400000000000026E-003 ,   1.3000000000000002E-004 ,   2.8000000000000008E-004
   124163.82784536293      ,  0.99824000000000801      ,   1.3300000000000028E-003 ,   1.3000000000000002E-004 ,   3.0000000000000014E-004
   125374.15125017749      ,  0.99817000000000833      ,   1.3900000000000030E-003 ,   1.3000000000000002E-004 ,   3.1000000000000016E-004
   126552.96088521274      ,  0.99810000000000865      ,   1.4400000000000031E-003 ,   1.4000000000000001E-004 ,   3.2000000000000019E-004
   127566.50181606712      ,  0.99802000000000901      ,   1.4800000000000032E-003 ,   1.5000000000000001E-004 ,   3.5000000000000027E-004
   128985.06813042033      ,  0.99791000000000951      ,   1.5400000000000034E-003 ,   1.6000000000000001E-004 ,   3.9000000000000037E-004
   130049.19292429459      ,  0.99780000000001001      ,   1.6200000000000036E-003 ,   1.7000000000000001E-004 ,   4.1000000000000042E-004
   131158.17408899672      ,  0.99768000000001056      ,   1.7100000000000038E-003 ,   1.8000000000000001E-004 ,   4.3000000000000048E-004
   132183.51226080066      ,  0.99756000000001110      ,   1.8100000000000041E-003 ,   1.9000000000000001E-004 ,   4.4000000000000050E-004
   133270.01104581918      ,  0.99742000000001174      ,   1.9300000000000044E-003 ,   1.9000000000000001E-004 ,   4.6000000000000056E-004
   134304.86480849737      ,  0.99732000000001220      ,   1.9600000000000043E-003 ,   2.4000000000000001E-004 ,   4.8000000000000061E-004
   135328.50327062598      ,  0.99721000000001270      ,   2.0500000000000045E-003 ,   2.4000000000000001E-004 ,   5.0000000000000066E-004
   136336.79851209378      ,  0.99712000000001311      ,   2.1100000000000047E-003 ,   2.5000000000000001E-004 ,   5.2000000000000071E-004
   137401.16247671444      ,  0.99702000000001356      ,   2.1700000000000048E-003 ,   2.9000000000000011E-004 ,   5.2000000000000071E-004
   138521.76463614678      ,  0.99688000000001420      ,   2.2500000000000050E-003 ,   2.9000000000000011E-004 ,   5.8000000000000087E-004
   139532.10010041387      ,  0.99673000000001488      ,   2.3800000000000054E-003 ,   2.9000000000000011E-004 ,   6.0000000000000092E-004
   140534.85307496047      ,  0.99657000000001561      ,   2.4900000000000057E-003 ,   3.2000000000000019E-004 ,   6.2000000000000098E-004
   141541.35413048754      ,  0.99647000000001607      ,   2.5500000000000058E-003 ,   3.4000000000000024E-004 ,   6.4000000000000103E-004
   142550.71127489462      ,  0.99629000000001688      ,   2.7000000000000062E-003 ,   3.3000000000000022E-004 ,   6.8000000000000113E-004
   143653.21732659178      ,  0.99615000000001752      ,   2.7800000000000064E-003 ,   3.5000000000000027E-004 ,   7.2000000000000124E-004
   144694.91032137017      ,  0.99601000000001816      ,   2.8600000000000066E-003 ,   3.7000000000000032E-004 ,   7.6000000000000134E-004
   145703.14211599741      ,  0.99588000000001875      ,   2.9600000000000069E-003 ,   4.0000000000000040E-004 ,   7.6000000000000134E-004
   146731.58026811483      ,  0.99574000000001939      ,   3.0500000000000071E-003 ,   4.2000000000000045E-004 ,   7.9000000000000142E-004
   147845.68083203686      ,  0.99552000000002039      ,   3.1700000000000074E-003 ,   4.5000000000000053E-004 ,   8.6000000000000161E-004
   148924.42285421750      ,  0.99539000000002098      ,   3.2200000000000076E-003 ,   4.7000000000000058E-004 ,   9.2000000000000176E-004
   149968.06307732651      ,  0.99528000000002148      ,   3.3300000000000079E-003 ,   4.7000000000000058E-004 ,   9.2000000000000176E-004
   150979.95877021935      ,  0.99514000000002212      ,   3.4500000000000082E-003 ,   4.8000000000000061E-004 ,   9.3000000000000179E-004
   151989.36952976411      ,  0.99502000000002266      ,   3.5200000000000084E-003 ,   5.0000000000000066E-004 ,   9.6000000000000187E-004
   153036.79633078226      ,  0.99483000000002353      ,   3.6700000000000088E-003 ,   5.1000000000000069E-004 ,   9.9000000000000195E-004
   154046.72548485524      ,  0.99467000000002426      ,   3.7900000000000091E-003 ,   5.0000000000000066E-004 ,   1.0400000000000021E-003
   155082.87893477851      ,  0.99448000000002512      ,   3.9500000000000073E-003 ,   5.1000000000000069E-004 ,   1.0600000000000021E-003
   156096.92251493814      ,  0.99429000000002599      ,   4.1000000000000012E-003 ,   5.3000000000000074E-004 ,   1.0800000000000022E-003
   157186.05556657759      ,  0.99407000000002699      ,   4.2599999999999947E-003 ,   5.5000000000000079E-004 ,   1.1200000000000023E-003
   158202.88314683680      ,  0.99381000000002817      ,   4.4399999999999874E-003 ,   5.8000000000000087E-004 ,   1.1700000000000024E-003
   159254.93558271811      ,  0.99363000000002899      ,   4.5499999999999829E-003 ,   6.1000000000000095E-004 ,   1.2100000000000025E-003
   160294.53078901433      ,  0.99348000000002967      ,   4.6499999999999788E-003 ,   6.3000000000000100E-004 ,   1.2400000000000026E-003
   161327.21607621486      ,  0.99325000000003072      ,   4.8199999999999719E-003 ,   6.4000000000000103E-004 ,   1.2900000000000027E-003
   162359.09109309714      ,  0.99311000000003136      ,   4.9499999999999666E-003 ,   6.3000000000000100E-004 ,   1.3100000000000028E-003
   163365.77347919185      ,  0.99293000000003218      ,   5.0999999999999605E-003 ,   6.4000000000000103E-004 ,   1.3300000000000028E-003
   164489.31231687911      ,  0.99268000000003331      ,   5.2599999999999539E-003 ,   6.8000000000000113E-004 ,   1.3800000000000030E-003
   165539.00764032715      ,  0.99240000000003459      ,   5.4799999999999450E-003 ,   7.0000000000000119E-004 ,   1.4200000000000031E-003
   166553.95788897027      ,  0.99210000000003595      ,   5.6899999999999364E-003 ,   7.4000000000000129E-004 ,   1.4700000000000032E-003
   167555.52931082863      ,  0.99182000000003723      ,   5.9199999999999271E-003 ,   7.5000000000000132E-004 ,   1.5100000000000033E-003
   168575.23895314505      ,  0.99148000000003877      ,   6.1999999999999156E-003 ,   7.8000000000000140E-004 ,   1.5400000000000034E-003
   169576.94277513932      ,  0.99124000000003987      ,   6.3399999999999099E-003 ,   8.4000000000000155E-004 ,   1.5800000000000035E-003
   170614.13545177906      ,  0.99092000000004132      ,   6.5599999999999010E-003 ,   8.8000000000000166E-004 ,   1.6400000000000037E-003
   171638.92483677625      ,  0.99059000000004283      ,   6.7799999999998920E-003 ,   9.2000000000000176E-004 ,   1.7100000000000038E-003
   172656.73592323193      ,  0.99037000000004383      ,   6.9799999999998839E-003 ,   9.2000000000000176E-004 ,   1.7300000000000039E-003
   173667.23227362242      ,  0.99002000000004542      ,   7.2599999999998725E-003 ,   9.5000000000000184E-004 ,   1.7700000000000040E-003
   174718.46716155950      ,  0.98953000000004765      ,   7.5799999999998594E-003 ,   9.7000000000000189E-004 ,   1.9200000000000044E-003
   175746.23325213464      ,  0.98902000000004997      ,   7.9999999999998423E-003 ,   9.9000000000000195E-004 ,   1.9900000000000044E-003
   176749.89942356761      ,  0.98860000000005188      ,   8.3299999999998289E-003 ,   1.0200000000000020E-003 ,   2.0500000000000045E-003
   177773.62678927381      ,  0.98810000000005416      ,   8.6899999999998142E-003 ,   1.1200000000000023E-003 ,   2.0900000000000046E-003
   178778.88472207682      ,  0.98768000000005607      ,   8.9599999999998032E-003 ,   1.1400000000000023E-003 ,   2.2200000000000050E-003
   179819.08208080704      ,  0.98722000000005816      ,   9.3099999999997889E-003 ,   1.1800000000000024E-003 ,   2.2900000000000051E-003
   180820.26469779498      ,  0.98669000000006057      ,   9.6899999999997734E-003 ,   1.2200000000000025E-003 ,   2.4000000000000054E-003
   181822.56886666885      ,  0.98626000000006253      ,   9.9699999999997620E-003 ,   1.2700000000000027E-003 ,   2.5000000000000057E-003
   182845.50845687240      ,  0.98578000000006472      ,   1.0269999999999750E-002 ,   1.3400000000000029E-003 ,   2.6100000000000060E-003
   183869.27354137128      ,  0.98535000000006667      ,   1.0599999999999736E-002 ,   1.3700000000000029E-003 ,   2.6800000000000062E-003
   184892.79417578233      ,  0.98490000000006872      ,   1.0909999999999724E-002 ,   1.4000000000000030E-003 ,   2.7900000000000065E-003
   185938.98337327354      ,  0.98449000000007059      ,   1.1219999999999711E-002 ,   1.4200000000000031E-003 ,   2.8700000000000067E-003
   186944.68645745312      ,  0.98402000000007273      ,   1.1559999999999697E-002 ,   1.4700000000000032E-003 ,   2.9500000000000069E-003
   187973.31206508473      ,  0.98338000000007564      ,   1.1999999999999679E-002 ,   1.5200000000000033E-003 ,   3.1000000000000073E-003
   189025.91410368643      ,  0.98283000000007814      ,   1.2359999999999665E-002 ,   1.5900000000000035E-003 ,   3.2200000000000076E-003
   190036.94486126717      ,  0.98233000000008042      ,   1.2679999999999652E-002 ,   1.6700000000000037E-003 ,   3.3200000000000078E-003
   191037.15305920821      ,  0.98172000000008319      ,   1.3089999999999635E-002 ,   1.7400000000000039E-003 ,   3.4500000000000082E-003
   192046.47143855045      ,  0.98101000000008642      ,   1.3629999999999613E-002 ,   1.7900000000000040E-003 ,   3.5700000000000085E-003
   193074.92387487501      ,  0.98037000000008934      ,   1.4049999999999596E-002 ,   1.8400000000000042E-003 ,   3.7400000000000089E-003
   194076.15143768402      ,  0.97962000000009275      ,   1.4549999999999575E-002 ,   1.9200000000000044E-003 ,   3.9100000000000090E-003
   195109.61467068392      ,  0.97888000000009612      ,   1.5039999999999555E-002 ,   1.9900000000000044E-003 ,   4.0900000000000016E-003
   196116.89449490010      ,  0.97804000000009994      ,   1.5599999999999533E-002 ,   2.0700000000000046E-003 ,   4.2899999999999935E-003
   197120.34703017169      ,  0.97726000000010349      ,   1.6089999999999514E-002 ,   2.1900000000000049E-003 ,   4.4599999999999865E-003
   198141.66382436050      ,  0.97649000000010699      ,   1.6599999999999494E-002 ,   2.2900000000000051E-003 ,   4.6199999999999800E-003
   199168.64326448509      ,  0.97566000000011077      ,   1.7249999999999467E-002 ,   2.3500000000000053E-003 ,   4.7399999999999751E-003
   200173.59030760746      ,  0.97480000000011469      ,   1.7849999999999443E-002 ,   2.4600000000000056E-003 ,   4.8899999999999690E-003
   201175.73521502261      ,  0.97378000000011933      ,   1.8549999999999414E-002 ,   2.5900000000000059E-003 ,   5.0799999999999613E-003
   202187.49229579337      ,  0.97268000000012433      ,   1.9429999999999378E-002 ,   2.6700000000000061E-003 ,   5.2199999999999556E-003
   203196.96326767126      ,  0.97174000000012861      ,   2.0089999999999351E-002 ,   2.7600000000000064E-003 ,   5.4099999999999478E-003
   204198.41705720901      ,  0.97082000000013280      ,   2.0679999999999327E-002 ,   2.8900000000000067E-003 ,   5.6099999999999397E-003
   205208.27421012457      ,  0.96985000000013721      ,   2.1389999999999298E-002 ,   2.9700000000000069E-003 ,   5.7899999999999324E-003
   206211.61874211318      ,  0.96891000000014149      ,   2.1989999999999274E-002 ,   3.1000000000000073E-003 ,   5.9999999999999238E-003
   207212.78983579014      ,  0.96770000000014700      ,   2.2859999999999239E-002 ,   3.2000000000000075E-003 ,   6.2399999999999140E-003
   208218.00316051062      ,  0.96652000000015237      ,   2.3669999999999206E-002 ,   3.3300000000000079E-003 ,   6.4799999999999042E-003
   209219.92889551283      ,  0.96534000000015774      ,   2.4369999999999177E-002 ,   3.5300000000000084E-003 ,   6.7599999999998928E-003
   210225.11689408048      ,  0.96417000000016306      ,   2.5119999999999146E-002 ,   3.6700000000000088E-003 ,   7.0399999999998814E-003
   211226.75702255839      ,  0.96288000000016893      ,   2.5969999999999112E-002 ,   3.8300000000000092E-003 ,   7.3199999999998700E-003
   212227.25990338266      ,  0.96151000000017517      ,   2.6929999999999073E-002 ,   3.9700000000000065E-003 ,   7.5899999999998590E-003
   213250.35421468390      ,  0.96039000000018027      ,   2.7679999999999042E-002 ,   4.0900000000000016E-003 ,   7.8399999999998488E-003
   214264.40666214237      ,  0.95903000000018646      ,   2.8709999999999000E-002 ,   4.1799999999999980E-003 ,   8.0799999999998390E-003
   215268.60071749275      ,  0.95767000000019264      ,   2.9679999999998961E-002 ,   4.3599999999999906E-003 ,   8.2899999999998305E-003
   216270.14505371207      ,  0.95605000000020002      ,   3.0839999999998913E-002 ,   4.5299999999999837E-003 ,   8.5799999999998187E-003
   217272.37278744089      ,  0.95451000000020703      ,   3.1979999999999120E-002 ,   4.6799999999999776E-003 ,   8.8299999999998085E-003
   218274.48613865831      ,  0.95295000000021413      ,   3.3089999999999460E-002 ,   4.8399999999999711E-003 ,   9.1199999999997967E-003
   219277.93062050591      ,  0.95148000000022082      ,   3.4029999999999748E-002 ,   5.0699999999999617E-003 ,   9.4199999999997844E-003
   220278.21983963362      ,  0.94983000000022832      ,   3.5160000000000094E-002 ,   5.2599999999999539E-003 ,   9.7499999999997710E-003
   221283.34108303499      ,  0.94804000000023647      ,   3.6400000000000474E-002 ,   5.4899999999999446E-003 ,   1.0069999999999758E-002
   222283.69796348613      ,  0.94621000000024480      ,   3.7600000000000841E-002 ,   5.6799999999999368E-003 ,   1.0509999999999740E-002
   223290.73627164107      ,  0.94420000000025395      ,   3.8820000000001215E-002 ,   5.9499999999999258E-003 ,   1.1029999999999719E-002
   224293.55810820084      ,  0.94244000000026196      ,   3.9950000000001561E-002 ,   6.1499999999999177E-003 ,   1.1459999999999701E-002
   225306.34924987171      ,  0.94066000000027006      ,   4.0980000000001876E-002 ,   6.4699999999999046E-003 ,   1.1889999999999684E-002
   226307.06707326538      ,  0.93913000000027702      ,   4.2020000000002194E-002 ,   6.6999999999998953E-003 ,   1.2149999999999673E-002
   227314.71717340039      ,  0.93713000000028612      ,   4.3310000000002589E-002 ,   6.9199999999998863E-003 ,   1.2639999999999653E-002
   228315.73594354463      ,  0.93519000000029495      ,   4.4600000000002984E-002 ,   7.1799999999998757E-003 ,   1.3029999999999637E-002
   229315.76261266455      ,  0.93316000000030419      ,   4.5890000000003379E-002 ,   7.4499999999998647E-003 ,   1.3499999999999618E-002
   230319.97538730933      ,  0.93105000000031379      ,   4.7120000000003756E-002 ,   7.7399999999998529E-003 ,   1.4089999999999594E-002
   231327.03527517724      ,  0.92905000000032290      ,   4.8550000000004194E-002 ,   7.9199999999998456E-003 ,   1.4479999999999578E-002
   232328.36982742007      ,  0.92675000000033336      ,   5.0040000000004650E-002 ,   8.1699999999998354E-003 ,   1.5039999999999555E-002
   233341.32116226165      ,  0.92464000000034297      ,   5.1300000000005036E-002 ,   8.4999999999998219E-003 ,   1.5559999999999534E-002
   234347.21282070741      ,  0.92228000000035371      ,   5.3050000000005572E-002 ,   8.7199999999998130E-003 ,   1.5949999999999520E-002
   235347.39160162234      ,  0.91975000000036522      ,   5.4760000000006095E-002 ,   8.9999999999998016E-003 ,   1.6489999999999498E-002
   236349.27620060154      ,  0.91750000000037546      ,   5.6180000000006530E-002 ,   9.2699999999997906E-003 ,   1.7049999999999475E-002
   237349.38239456297      ,  0.91496000000038702      ,   5.7850000000007042E-002 ,   9.5799999999997779E-003 ,   1.7609999999999452E-002
   238351.69501635636      ,  0.91226000000039931      ,   5.9630000000007587E-002 ,   9.9199999999997641E-003 ,   1.8189999999999429E-002
   239355.22917155956      ,  0.90965000000041119      ,   6.1310000000008101E-002 ,   1.0289999999999749E-002 ,   1.8749999999999406E-002
   240357.45211113186      ,  0.90674000000042443      ,   6.3280000000008163E-002 ,   1.0509999999999740E-002 ,   1.9469999999999377E-002
   241358.54219799099      ,  0.90404000000043672      ,   6.5130000000007446E-002 ,   1.0829999999999727E-002 ,   1.9999999999999355E-002
   242361.02250121252      ,  0.90086000000045119      ,   6.7180000000006651E-002 ,   1.1279999999999709E-002 ,   2.0679999999999327E-002
   243365.36021162235      ,  0.89805000000046398      ,   6.8980000000005953E-002 ,   1.1649999999999694E-002 ,   2.1319999999999301E-002
   244366.42497778899      ,  0.89504000000047768      ,   7.0990000000005174E-002 ,   1.1939999999999682E-002 ,   2.2029999999999272E-002
   245370.51184817895      ,  0.89183000000049228      ,   7.3040000000004379E-002 ,   1.2359999999999665E-002 ,   2.2769999999999242E-002
   246374.26576221662      ,  0.88835000000050812      ,   7.5210000000003538E-002 ,   1.2809999999999646E-002 ,   2.3629999999999207E-002
   247374.39778235069      ,  0.88519000000052250      ,   7.7330000000002716E-002 ,   1.3219999999999630E-002 ,   2.4259999999999182E-002
   248376.08097478689      ,  0.88161000000053880      ,   7.9600000000001836E-002 ,   1.3659999999999612E-002 ,   2.5129999999999146E-002
   249378.22744041870      ,  0.87831000000055381      ,   8.1570000000001072E-002 ,   1.4159999999999591E-002 ,   2.5959999999999112E-002
   250381.97666889240      ,  0.87477000000056993      ,   8.3910000000000165E-002 ,   1.4649999999999571E-002 ,   2.6669999999999083E-002
   251383.76714030179      ,  0.87093000000058740      ,   8.6499999999999161E-002 ,   1.4959999999999559E-002 ,   2.7609999999999045E-002
   252384.75661967613      ,  0.86716000000060456      ,   8.9159999999998130E-002 ,   1.5259999999999546E-002 ,   2.8419999999999012E-002
   253394.54899873422      ,  0.86329000000062217      ,   9.1619999999997176E-002 ,   1.5709999999999530E-002 ,   2.9379999999998973E-002
   254395.79640304777      ,  0.85932000000064024      ,   9.4179999999996183E-002 ,   1.6109999999999514E-002 ,   3.0389999999998932E-002
   255401.95392242863      ,  0.85548000000065771      ,   9.6699999999995206E-002 ,   1.6569999999999495E-002 ,   3.1249999999998897E-002
   256406.57337366854      ,  0.85145000000067605      ,   9.9059999999994292E-002 ,   1.7229999999999468E-002 ,   3.2259999999999206E-002
   257409.66844841768      ,  0.84729000000069499      ,  0.10165999999999328      ,   1.7659999999999450E-002 ,   3.3389999999999552E-002
   258410.10618730681      ,  0.84285000000071519      ,  0.10452999999999217      ,   1.8069999999999434E-002 ,   3.4549999999999907E-002
   259410.52997323393      ,  0.83842000000073535      ,  0.10729999999999110      ,   1.8589999999999413E-002 ,   3.5690000000000256E-002
   260418.24360164249      ,  0.83437000000075379      ,  0.10990999999999009      ,   1.9119999999999391E-002 ,   3.6600000000000535E-002
   261418.84346341310      ,  0.82965000000077527      ,  0.11294999999998891      ,   1.9679999999999368E-002 ,   3.7720000000000878E-002
   262418.99339603377      ,  0.82484000000079716      ,  0.11593999999998775      ,   2.0149999999999349E-002 ,   3.9070000000001291E-002
   263419.10373494308      ,  0.82029000000081786      ,  0.11869999999998668      ,   2.0689999999999327E-002 ,   4.0320000000001674E-002
   264420.77324720169      ,  0.81554000000083948      ,  0.12170999999998551      ,   2.1239999999999305E-002 ,   4.1510000000002038E-002
   265422.04742778512      ,  0.81062000000086187      ,  0.12458999999998439      ,   2.1839999999999280E-002 ,   4.2950000000002479E-002
   266423.29323135392      ,  0.80563000000088458      ,  0.12789999999998714      ,   2.2329999999999260E-002 ,   4.4140000000002844E-002
   267423.99286803784      ,  0.80022000000090920      ,  0.13127999999999052      ,   2.2889999999999237E-002 ,   4.5610000000003294E-002
   268424.59934862755      ,  0.79503000000093282      ,  0.13425999999999350      ,   2.3489999999999213E-002 ,   4.7220000000003787E-002
   269427.81633722974      ,  0.78987000000095631      ,  0.13743999999999668      ,   2.4019999999999191E-002 ,   4.8670000000004231E-002
   270427.99244381167      ,  0.78457000000098043      ,  0.14076000000000000      ,   2.4579999999999168E-002 ,   5.0090000000004666E-002
   271428.48627757368      ,  0.77915000000100509      ,  0.14403000000000327      ,   2.5129999999999146E-002 ,   5.1690000000005155E-002
   272432.58863772207      ,  0.77382000000102935      ,  0.14733000000000657      ,   2.5659999999999124E-002 ,   5.3190000000005615E-002
   273433.52892434289      ,  0.76792000000105620      ,  0.15076000000001000      ,   2.6349999999999096E-002 ,   5.4970000000006160E-002
   274434.65491750179      ,  0.76198000000108324      ,  0.15451000000001375      ,   2.6869999999999075E-002 ,   5.6640000000006671E-002
   275435.38994031778      ,  0.75647000000110831      ,  0.15766000000001690      ,   2.7529999999999048E-002 ,   5.8340000000007192E-002
   276435.44617052987      ,  0.75078000000113421      ,  0.16119000000002043      ,   2.8179999999999022E-002 ,   5.9850000000007654E-002
   277438.82516134251      ,  0.74458000000116242      ,  0.16486000000002410      ,   2.8799999999998997E-002 ,   6.1760000000008239E-002
   278440.39134426042      ,  0.73854000000118991      ,  0.16819000000002743      ,   2.9529999999998967E-002 ,   6.3740000000007985E-002
   279443.64671374671      ,  0.73280000000121603      ,  0.17133000000003057      ,   3.0159999999998941E-002 ,   6.5710000000007221E-002
   280446.51975625503      ,  0.72618000000124616      ,  0.17506000000003430      ,   3.0969999999998908E-002 ,   6.7790000000006415E-002
   281446.93322967819      ,  0.71971000000127561      ,  0.17838000000003762      ,   3.2069999999999148E-002 ,   6.9840000000005620E-002
   282448.36111646373      ,  0.71283000000130692      ,  0.18240000000004164      ,   3.2739999999999353E-002 ,   7.2030000000004771E-002
   283450.83279665932      ,  0.70626000000133682      ,  0.18603000000004527      ,   3.3369999999999546E-002 ,   7.4340000000003875E-002
   284452.33950771613      ,  0.69972000000136658      ,  0.18969000000004893      ,   3.4239999999999812E-002 ,   7.6350000000003096E-002
   285452.90985719138      ,  0.69314000000139653      ,  0.19345000000005269      ,   3.5010000000000048E-002 ,   7.8400000000002301E-002
   286453.72045358014      ,  0.68686000000142511      ,  0.19682000000005606      ,   3.5870000000000311E-002 ,   8.0450000000001506E-002
   287454.33684986579      ,  0.68025000000145519      ,  0.20043000000005967      ,   3.6650000000000550E-002 ,   8.2670000000000646E-002
   288455.02942052030      ,  0.67334000000148664      ,  0.20441000000006365      ,   3.7390000000000777E-002 ,   8.4859999999999797E-002
   289455.70050319057      ,  0.66632000000151859      ,  0.20820000000006744      ,   3.8230000000001034E-002 ,   8.7249999999998870E-002
   290456.10299542616      ,  0.65971000000154867      ,  0.21171000000007095      ,   3.8990000000001267E-002 ,   8.9589999999997963E-002
   291456.46531477245      ,  0.65283000000157998      ,  0.21524000000007448      ,   3.9920000000001551E-002 ,   9.2009999999997025E-002
   292457.33361831232      ,  0.64651000000160874      ,  0.21828000000007752      ,   4.0730000000001799E-002 ,   9.4479999999996067E-002
   293457.87169030478      ,  0.63951000000164060      ,  0.22192000000008116      ,   4.1460000000002023E-002 ,   9.7109999999995048E-002
   294458.02335748682      ,  0.63270000000167159      ,  0.22479000000008403      ,   4.2470000000002332E-002 ,  0.10003999999999391     
   295459.90706686926      ,  0.62614000000170145      ,  0.22797000000008721      ,   4.3330000000002596E-002 ,  0.10255999999999293     
   296460.49452949577      ,  0.61941000000173208      ,  0.23148000000009072      ,   4.4090000000002828E-002 ,  0.10501999999999198     
   297461.76100096031      ,  0.61223000000176475      ,  0.23517000000009441      ,   4.4880000000003070E-002 ,  0.10771999999999093     
   298462.29375649471      ,  0.60627000000179188      ,  0.23739000000009663      ,   4.5870000000003373E-002 ,  0.11046999999998987     
   299462.47218071372      ,  0.59893000000182528      ,  0.24112000000010037      ,   4.6700000000003627E-002 ,  0.11324999999998879     
   300468.68979559501      ,  0.59249000000185459      ,  0.24366000000010291      ,   4.7770000000003955E-002 ,  0.11607999999998769     
   301470.49766444491      ,  0.58560000000188595      ,  0.24712000000010637      ,   4.8620000000004215E-002 ,  0.11865999999998669     
   302471.64537038287      ,  0.57832000000191908      ,  0.25056000000010981      ,   4.9820000000004583E-002 ,  0.12129999999998567     
   303473.02347146079      ,  0.57105000000195216      ,  0.25379000000011304      ,   5.0810000000004886E-002 ,  0.12434999999998449     
   304473.07064310333      ,  0.56403000000198411      ,  0.25655000000011580      ,   5.1950000000005235E-002 ,  0.12746999999998671     
   305476.18947040924      ,  0.55687000000201670      ,  0.25995000000011920      ,   5.2770000000005486E-002 ,  0.13040999999998965     
   306476.24584949150      ,  0.54971000000204928      ,  0.26296000000012221      ,   5.3790000000005798E-002 ,  0.13353999999999278     
   307477.63913386938      ,  0.54249000000208214      ,  0.26578000000012503      ,   5.4900000000006138E-002 ,  0.13682999999999607     
   308478.12423775712      ,  0.53581000000211254      ,  0.26831000000012756      ,   5.6070000000006497E-002 ,  0.13980999999999905     
   309479.05711292900      ,  0.52890000000214399      ,  0.27082000000013007      ,   5.7170000000006833E-002 ,  0.14311000000000235     
   310479.09527706198      ,  0.52196000000217557      ,  0.27333000000013258      ,   5.8250000000007164E-002 ,  0.14646000000000570     
   311479.59593825525      ,  0.51484000000220798      ,  0.27626000000013551      ,   5.9300000000007486E-002 ,  0.14960000000000884     
   312479.64749939728      ,  0.50817000000223833      ,  0.27831000000013756      ,   6.0510000000007856E-002 ,  0.15301000000001225     
   313479.70528014709      ,  0.50135000000226937      ,  0.28053000000013978      ,   6.1410000000008132E-002 ,  0.15671000000001595     
   314479.81600602187      ,  0.49448000000226999      ,  0.28308000000014233      ,   6.2420000000008441E-002 ,  0.16002000000001926     
   315480.03382892965      ,  0.48787000000226338      ,  0.28557000000014482      ,   6.3220000000008186E-002 ,  0.16334000000002258     
   316480.27803568559      ,  0.48122000000225673      ,  0.28748000000014673      ,   6.4400000000007729E-002 ,  0.16690000000002614     
   317480.28062717075      ,  0.47441000000224992      ,  0.28967000000014892      ,   6.5400000000007341E-002 ,  0.17052000000002976     
   318480.46830780536      ,  0.46778000000224329      ,  0.29158000000015083      ,   6.6400000000006953E-002 ,  0.17424000000003348     
   319482.18962893722      ,  0.46107000000223658      ,  0.29360000000015285      ,   6.7280000000006612E-002 ,  0.17805000000003729     
   320482.28920211375      ,  0.45500000000223051      ,  0.29531000000015456      ,   6.8130000000006283E-002 ,  0.18156000000004080     
   321485.27947222983      ,  0.44869000000222420      ,  0.29699000000015624      ,   6.9270000000005841E-002 ,  0.18505000000004429     
   322485.99421097344      ,  0.44205000000221756      ,  0.29927000000015852      ,   7.0120000000005511E-002 ,  0.18856000000004780     
   323486.08231681288      ,  0.43559000000221110      ,  0.30140000000016065      ,   7.0840000000005232E-002 ,  0.19217000000005141     
   324487.72336285142      ,  0.42942000000220493      ,  0.30334000000016259      ,   7.1530000000004965E-002 ,  0.19571000000005495     
   325489.01679815107      ,  0.42310000000219861      ,  0.30489000000016414      ,   7.2320000000004658E-002 ,  0.19969000000005893     
   326489.68348010065      ,  0.41693000000219244      ,  0.30649000000016574      ,   7.2960000000004410E-002 ,  0.20362000000006286     
   327492.62457352830      ,  0.41067000000218618      ,  0.30793000000016718      ,   7.3900000000004046E-002 ,  0.20750000000006674     
   328492.70711576508      ,  0.40447000000217997      ,  0.30900000000016825      ,   7.5010000000003615E-002 ,  0.21152000000007076     
   329493.00118915481      ,  0.39869000000217419      ,  0.30985000000016910      ,   7.5970000000003243E-002 ,  0.21549000000007473     
   330493.15801029571      ,  0.39213000000216763      ,  0.31130000000017055      ,   7.6830000000002910E-002 ,  0.21974000000007898     
   331493.77994734381      ,  0.38648000000216198      ,  0.31199000000017124      ,   7.7670000000002584E-002 ,  0.22386000000008310     
   332494.47296873177      ,  0.38068000000215618      ,  0.31277000000017202      ,   7.8660000000002200E-002 ,  0.22789000000008713     
   333496.42533233308      ,  0.37444000000214994      ,  0.31361000000017286      ,   7.9570000000001848E-002 ,  0.23238000000009162     
   334497.41046609427      ,  0.36868000000214418      ,  0.31463000000017388      ,   8.0400000000001526E-002 ,  0.23629000000009553     
   335497.58440377022      ,  0.36314000000213864      ,  0.31543000000017468      ,   8.1290000000001181E-002 ,  0.24014000000009939     
   336503.59966564266      ,  0.35777000000213327      ,  0.31562000000017487      ,   8.2310000000000785E-002 ,  0.24430000000010355     
   337504.17091170128      ,  0.35238000000212788      ,  0.31621000000017546      ,   8.3140000000000464E-002 ,  0.24827000000010752     
   338504.37438192952      ,  0.34692000000212242      ,  0.31602000000017527      ,   8.4389999999999979E-002 ,  0.25267000000011192     
   339504.99059615994      ,  0.34161000000211711      ,  0.31622000000017547      ,   8.5039999999999727E-002 ,  0.25713000000011638     
   340507.29223783582      ,  0.33629000000211179      ,  0.31648000000017573      ,   8.5849999999999413E-002 ,  0.26138000000012063     
   341509.89612293994      ,  0.33094000000210644      ,  0.31649000000017574      ,   8.6679999999999091E-002 ,  0.26589000000012514     
   342510.01111094240      ,  0.32540000000210090      ,  0.31709000000017634      ,   8.7629999999998723E-002 ,  0.26988000000012913     
   343511.08376569411      ,  0.32063000000209613      ,  0.31658000000017583      ,   8.8679999999998316E-002 ,  0.27411000000013336     
   344511.49932385120      ,  0.31613000000209163      ,  0.31637000000017562      ,   8.9369999999998048E-002 ,  0.27813000000013738     
   345512.32627617416      ,  0.31170000000208720      ,  0.31665000000017590      ,   8.9849999999997862E-002 ,  0.28180000000014105     
   346513.24580739182      ,  0.30643000000208193      ,  0.31697000000017622      ,   9.0479999999997618E-002 ,  0.28612000000014537     
   347515.58155554661      ,  0.30161000000207711      ,  0.31674000000017599      ,   9.1269999999997312E-002 ,  0.29038000000014963     
   348516.38878183253      ,  0.29679000000207229      ,  0.31674000000017599      ,   9.1979999999997036E-002 ,  0.29449000000015374     
   349517.39613640687      ,  0.29239000000206788      ,  0.31637000000017562      ,   9.2749999999996738E-002 ,  0.29849000000015774     
   350517.73120015376      ,  0.28813000000206362      ,  0.31565000000017490      ,   9.3679999999996377E-002 ,  0.30254000000016179     
   351518.23321365565      ,  0.28366000000205915      ,  0.31545000000017470      ,   9.4329999999996125E-002 ,  0.30656000000016581     
   352518.44712503627      ,  0.27927000000205476      ,  0.31492000000017417      ,   9.5049999999995846E-002 ,  0.31076000000017001     
   353519.70392348903      ,  0.27524000000205073      ,  0.31391000000017316      ,   9.5649999999995614E-002 ,  0.31520000000017445     
   354521.87886402250      ,  0.27099000000204648      ,  0.31292000000017217      ,   9.6559999999995261E-002 ,  0.31953000000017878     
   355522.09950053814      ,  0.26695000000204244      ,  0.31177000000017102      ,   9.7379999999994943E-002 ,  0.32390000000018315     
   356524.62015363591      ,  0.26265000000203814      ,  0.31133000000017058      ,   9.8259999999994602E-002 ,  0.32776000000018701     
   357524.95609946444      ,  0.25843000000203392      ,  0.31038000000016963      ,   9.9059999999994292E-002 ,  0.33213000000019138     
   358525.01116255985      ,  0.25441000000202990      ,  0.30975000000016900      ,   9.9559999999994098E-002 ,  0.33628000000019553     
   359525.51908886997      ,  0.25075000000202624      ,  0.30868000000016793      ,  0.10026999999999382      ,  0.34030000000019955     
   360525.59854265361      ,  0.24649000000202198      ,  0.30778000000016703      ,  0.10091999999999357      ,  0.34481000000020406     
   361525.73584037111      ,  0.24295000000201844      ,  0.30668000000016593      ,  0.10138999999999339      ,  0.34898000000020823     
   362526.64365266048      ,  0.23892000000201441      ,  0.30568000000016493      ,  0.10181999999999322      ,  0.35358000000021284     
   363526.86495858809      ,  0.23543000000201092      ,  0.30502000000016427      ,  0.10217999999999308      ,  0.35737000000021663     
   364527.35233779292      ,  0.23202000000200751      ,  0.30370000000016295      ,  0.10267999999999289      ,  0.36160000000022086     
   365527.69423710689      ,  0.22831000000200380      ,  0.30271000000016196      ,  0.10313999999999271      ,  0.36584000000022510     
   366529.06597248797      ,  0.22505000000200054      ,  0.30144000000016069      ,  0.10363999999999252      ,  0.36987000000022913     
   367531.00099965319      ,  0.22158000000199707      ,  0.30027000000015952      ,  0.10403999999999236      ,  0.37411000000023337     
